4.316420666666666607e-08
4.236859000000000206e-08
4.256749333333333392e-08
4.137405999999999640e-08
3.872198333333333775e-08
3.911979333333333144e-08
4.369462333333332979e-08
4.018062333333333552e-08
4.488805666666666731e-08
4.216967999999999701e-08
4.369462666666666640e-08
4.323051333333333107e-08
4.144035333333333485e-08
4.535217000000000263e-08
4.270009333333333075e-08
4.342941666666666954e-08
4.508695666666666256e-08
4.342941333333333294e-08
4.482175333333333229e-08
4.409242999999999350e-08
4.389351999999999506e-08
4.203707333333332697e-08
3.825786333333332923e-08
4.913137000000000381e-08
4.429133333333333197e-08
4.714231333333332908e-08
4.846835000000000003e-08
4.787163333333333128e-08
4.747381333333333440e-08
4.886615666666667035e-08
4.926397666666667385e-08
5.085521333333333846e-08
5.019219666666667129e-08
5.098781666666665866e-08
5.098782333333333186e-08
5.178343666666665927e-08
4.787162333333333471e-08
5.012588999999999967e-08
5.291056666666666177e-08
5.171713000000000089e-08
5.138561999999999900e-08
5.324207666666666365e-08
5.748539999999999011e-08
5.596045333333333396e-08
6.060158333333333735e-08
6.106569666666667267e-08
6.040268666666666546e-08
5.967336333333333990e-08
6.351886333333333288e-08
6.378406999999999975e-08
6.617094666666667135e-08
6.683395666666666532e-08
7.213809666666666268e-08
7.107728333333332837e-08
7.187289000000000905e-08
7.876829000000001400e-08
7.817157666666666861e-08
7.863567333333333416e-08
8.334310333333333596e-08
8.758644999999999216e-08
9.269168333333332107e-08
9.428291999999998568e-08
9.302318999999999959e-08
1.010457100000000105e-07
1.082725999999999977e-07
1.096649666666666700e-07
1.137093666666666582e-07
1.196102000000000078e-07
1.253121666666666753e-07
1.356552666666666695e-07
1.412909000000000254e-07
1.489156333333333260e-07
1.562088333333333215e-07
1.686072666666666591e-07
1.768286999999999984e-07
1.830610666666666796e-07
1.983767666666666796e-07
2.076590666666666727e-07
2.191291999999999873e-07
2.349753333333333406e-07
2.506226000000000117e-07
2.675296333333333054e-07
2.878842666666666756e-07
3.086367333333333493e-07
3.274000999999999725e-07
3.543187333333333212e-07
3.809720333333333710e-07
4.029842666666666938e-07
4.352070333333333269e-07
4.652416666666667150e-07
5.032988333333334205e-07
5.383725333333332987e-07
5.781536333333333743e-07
6.233051333333333137e-07
6.726337999999999228e-07
7.225590000000000051e-07
7.813024666666667971e-07
8.405100000000000003e-07
9.077399666666667406e-07
9.788155333333332676e-07
1.062289666666666782e-06
1.151531666666666596e-06
1.247470333333333276e-06
1.339961666666666331e-06
1.451680333333333435e-06
1.573012333333333267e-06
1.707339999999999987e-06
1.845711333333333186e-06
1.992371000000000020e-06
2.159452000000000191e-06
2.345030666666667084e-06
2.543074333333333526e-06
2.758157333333333547e-06
2.995120333333333602e-06
3.232613333333333465e-06
3.514860666666666436e-06
3.816600333333333994e-06
4.148041999999999815e-06
4.506668666666666631e-06
4.865096666666667225e-06
5.292147333333333912e-06
5.752414000000000148e-06
6.253855666666666882e-06
6.794943666666666334e-06
7.384169000000000587e-06
7.982276999999998520e-06
8.689849000000000087e-06
9.456230999999999147e-06
1.026796333333333422e-05
1.115388666666666805e-05
1.205393666666666631e-05
1.309514333333333516e-05
1.423705666666666550e-05
1.546470333333333251e-05
1.679617333333333282e-05
1.823943000000000233e-05
1.968965333333333345e-05
2.137610333333333490e-05
2.319131999999999737e-05
2.517035666666666465e-05
2.729844333333333349e-05
2.942765999999999668e-05
3.189368666666666385e-05
3.454966999999999679e-05
3.742684333333333294e-05
4.051147333333333597e-05
4.384359666666667697e-05
4.714106000000000568e-05
5.096215333333333261e-05
5.505383666666666944e-05
5.944175333333333186e-05
6.415879000000000579e-05
6.919123666666666050e-05
7.418992666666667684e-05
7.992761999999999827e-05
8.606868000000001025e-05
9.258760333333332555e-05
9.954241999999999214e-05
1.064369666666666574e-04
1.143019333333333376e-04
1.226928333333333117e-04
1.315664333333333347e-04
1.410397999999999773e-04
1.510870000000000257e-04
1.609605666666666650e-04
1.722294000000000082e-04
1.841343333333333434e-04
1.967901666666666514e-04
2.101639999999999888e-04
2.233178333333333317e-04
2.381939666666666768e-04
2.539805000000000122e-04
2.706558333333333450e-04
2.882346666666666464e-04
3.068582333333333086e-04
3.250164999999999738e-04
3.456752333333333268e-04
3.674183333333333186e-04
3.903935000000000629e-04
4.145443333333333549e-04
4.380874999999999353e-04
4.648402000000000154e-04
4.929211000000000399e-04
5.226217999999999706e-04
5.536726666666667027e-04
5.864266666666665588e-04
6.182513666666666474e-04
6.542660000000000272e-04
6.920581666666666401e-04
7.315771666666666525e-04
7.731697333333333857e-04
8.134542666666666347e-04
8.590050333333333057e-04
9.063564333333332806e-04
9.561201666666666607e-04
1.008175666666666576e-03
1.062531333333333397e-03
1.115160999999999930e-03
1.173941333333333335e-03
1.235451999999999948e-03
