1.000323856666666678e-01
1.028293416666666710e-01
1.056330663333333170e-01
1.082338429999999962e-01
1.110262903333333329e-01
1.138339729999999911e-01
1.166320706666666568e-01
1.194391303333333515e-01
1.222313436666666586e-01
1.248363810000000101e-01
1.276357476666666602e-01
1.304364553333333399e-01
1.332384139999999995e-01
1.360358869999999942e-01
1.386405619999999950e-01
1.414398763333333253e-01
1.442492880000000033e-01
1.470416086666666844e-01
1.498365846666666612e-01
1.526437840000000046e-01
1.552462346666666770e-01
1.580487130000000073e-01
1.608415906666666728e-01
1.636512040000000223e-01
1.664457593333333041e-01
1.690458196666666524e-01
1.718524070000000126e-01
1.746405576666666681e-01
1.774496686666666712e-01
1.802485656666666658e-01
1.830512400000000317e-01
1.856470756666666888e-01
1.884442129999999993e-01
1.912499176666666578e-01
1.940505826666666656e-01
1.968575413333333302e-01
1.994544633333333594e-01
2.022570366666666952e-01
2.050571669999999846e-01
2.078620230000000069e-01
2.106613059999999926e-01
2.134556903333333366e-01
2.160650423333333181e-01
2.188685136666666808e-01
2.216739176666666644e-01
2.244675253333333342e-01
2.272726069999999876e-01
2.298706273333333272e-01
2.326664689999999869e-01
2.354753203333333211e-01
2.382661046666666727e-01
2.410714419999999969e-01
2.438727566666666624e-01
2.464791969999999832e-01
2.492771856666666785e-01
2.520738506666666545e-01
2.548794149999999981e-01
2.576796579999999781e-01
2.604858850000000281e-01
2.630759706666667141e-01
2.658828503333333648e-01
2.686741873333333142e-01
2.714777393333333011e-01
2.742816713333333101e-01
2.768768343333332660e-01
2.796827803333333251e-01
2.824828900000000420e-01
2.852883960000000552e-01
2.880785866666666917e-01
2.908748673333333423e-01
2.934832009999999713e-01
2.962848069999999834e-01
2.990909546666666308e-01
3.018876873333333766e-01
3.046881979999999657e-01
3.072874580000000133e-01
3.100875439999999927e-01
3.128990990000000139e-01
3.156890689999999888e-01
3.184952039999999762e-01
3.212947570000000419e-01
3.238977686666666966e-01
3.266934406666666679e-01
3.294960719999999732e-01
3.322930833333332945e-01
3.350943676666666704e-01
3.376998323333333385e-01
3.404917519999999809e-01
3.432987829999999962e-01
3.461025643333333068e-01
3.489035706666666070e-01
3.517015516666666675e-01
3.542952296666666556e-01
3.571003493333333445e-01
3.599015113333333127e-01
3.627006313333333565e-01
3.654978843333333560e-01
3.681022043333332938e-01
3.708985119999999580e-01
3.736935349999999656e-01
3.765017793333333418e-01
3.792943116666667169e-01
3.820999270000000059e-01
3.846987733333333548e-01
3.874965846666666436e-01
3.902948273333333162e-01
3.930902320000000394e-01
3.958929453333333570e-01
3.984969590000000395e-01
4.013037713333333367e-01
4.040993979999999985e-01
4.069008563333333384e-01
4.096966920000000290e-01
4.124958946666666404e-01
4.150987446666666858e-01
4.178919029999999535e-01
4.206927540000000021e-01
4.234907349999999515e-01
4.262929546666667235e-01
4.288826163333332997e-01
4.316786283333333696e-01
4.344813543333334027e-01
4.372754869999999627e-01
4.400785140000000317e-01
4.428637766666667086e-01
4.454637193333333411e-01
4.482614463333333688e-01
4.510560379999999370e-01
4.538534553333333221e-01
4.566371863333333336e-01
4.592340193333332987e-01
4.620263396666666744e-01
4.648243663333332942e-01
4.676029966666666593e-01
4.703941913333333780e-01
4.731828009999999307e-01
4.757661253333333451e-01
4.785606426666667024e-01
4.813376866666667087e-01
4.841249329999999795e-01
4.869016483333333256e-01
4.894891760000000258e-01
4.922665860000000060e-01
4.950319683333332943e-01
4.978137026666666909e-01
5.005915736666666227e-01
5.033661866666666596e-01
5.059304323333333464e-01
5.087006953333333970e-01
5.114597883333332762e-01
5.142256663333333311e-01
5.169867196666666498e-01
5.197390849999999896e-01
5.222952180000000055e-01
5.250450463333332651e-01
5.277963083333333527e-01
5.305311946666666501e-01
5.332656930000000406e-01
5.358091516666667609e-01
5.385391523333332708e-01
5.412651716666666557e-01
5.439820143333333746e-01
5.467026600000000069e-01
5.494147990000000092e-01
5.519240726666666541e-01
5.546296276666665692e-01
5.573170656666666112e-01
5.600082153333333368e-01
5.626891803333332609e-01
5.651778413333333750e-01
5.678365870000000593e-01
5.705037459999999783e-01
5.731522833333334566e-01
5.757877113333333963e-01
5.784282836666666539e-01
5.808607603333332259e-01
5.834820363333332871e-01
5.860854356666667098e-01
5.886861883333333045e-01
5.912658520000000362e-01
5.936486790000000680e-01
5.962138633333333715e-01
5.987607010000000063e-01
6.013038800000000128e-01
6.038216743333333358e-01
6.063355146666666862e-01
6.086477200000000032e-01
6.111279276666666815e-01
6.135979690000000764e-01
6.160344026666666473e-01
6.184682519999999961e-01
6.207040493333333409e-01
6.231023169999999611e-01
6.254699186666666799e-01
6.278237353333333548e-01
6.301620090000000785e-01
6.324760249999999973e-01
6.346087839999999813e-01
6.368731369999999226e-01
6.391267616666667095e-01
