2.955002999999999870e-05
3.039881333333333308e-05
3.128227333333333292e-05
3.218707999999999406e-05
3.336637333333333555e-05
3.432819333333333848e-05
3.532045333333333633e-05
3.634951333333333355e-05
3.739944999999999647e-05
3.847173333333333303e-05
3.957272000000000285e-05
4.098234666666666096e-05
4.215540333333333092e-05
4.335485000000000386e-05
4.458551333333333398e-05
4.586406333333334226e-05
4.715042999999999708e-05
4.848713666666666335e-05
5.018011999999999890e-05
5.159206000000000084e-05
5.304086333333333765e-05
5.452600333333333747e-05
5.604793999999999857e-05
5.761727333333333066e-05
5.919847999999999772e-05
6.125574666666666916e-05
6.291689666666667612e-05
6.465053666666665839e-05
6.641233333333333450e-05
6.821339333333333043e-05
7.007613666666666959e-05
7.245938666666666749e-05
7.441585000000000344e-05
7.640651666666665759e-05
7.846276333333333222e-05
8.055224666666666305e-05
8.269389666666665973e-05
8.487970000000000660e-05
8.771771000000000960e-05
9.003803999999998337e-05
9.239907333333333703e-05
9.481911666666667168e-05
9.726633666666665873e-05
9.979830000000000298e-05
1.023868000000000071e-04
1.057110666666666716e-04
1.084301999999999906e-04
1.112024999999999911e-04
1.140398000000000122e-04
1.169512333333333124e-04
1.199085666666666657e-04
1.229297333333333230e-04
1.268126666666666595e-04
1.300214666666666752e-04
1.332492999999999915e-04
1.365679333333333172e-04
1.399415000000000153e-04
1.433680666666666806e-04
1.468873333333333255e-04
1.514043999999999763e-04
1.550686333333333551e-04
1.588611000000000027e-04
1.626916999999999860e-04
1.666041333333333262e-04
1.705843333333333393e-04
1.746587666666666553e-04
1.798413666666666758e-04
1.840968666666666488e-04
1.884142666666666695e-04
1.928682666666666509e-04
1.973449333333333487e-04
2.019152333333333344e-04
2.065799000000000107e-04
2.125009333333333506e-04
2.173599999999999925e-04
2.222991999999999807e-04
2.273708666666666685e-04
2.325031999999999934e-04
2.377154999999999774e-04
2.443760666666666324e-04
2.497661333333333136e-04
2.552913333333333128e-04
2.609141333333333634e-04
2.666188333333333158e-04
2.724832666666666806e-04
2.783853333333332920e-04
2.859087333333333223e-04
2.920308333333333090e-04
2.982202333333333687e-04
3.045706666666666337e-04
3.110095999999999911e-04
3.175393333333333579e-04
3.242352333333333152e-04
3.326928666666667013e-04
3.396000999999999946e-04
3.465559000000000001e-04
3.536632333333333323e-04
3.608833000000000418e-04
3.681932999999999972e-04
3.756241000000000007e-04
3.851443666666666717e-04
3.928212333333333528e-04
4.006143333333333036e-04
4.084644666666667197e-04
4.165044333333332957e-04
4.246470333333333285e-04
4.328879333333333804e-04
4.434411333333333999e-04
4.519686666666666614e-04
4.606324333333333449e-04
4.693657333333333109e-04
4.782567666666666579e-04
4.872966666666666592e-04
4.964160333333333388e-04
5.080004000000000160e-04
5.174954666666665504e-04
5.270363999999999605e-04
5.366865333333333118e-04
5.464507333333332682e-04
5.562931333333333284e-04
5.663527333333334040e-04
5.791093333333334437e-04
5.894146000000000064e-04
5.999489666666667394e-04
6.105563000000000483e-04
6.212827000000000410e-04
6.320907333333333766e-04
6.458499666666667324e-04
6.570190999999999315e-04
6.683587999999999205e-04
6.798205333333333681e-04
6.914137333333333912e-04
7.031268999999999714e-04
7.149884666666667414e-04
7.299165999999999294e-04
7.420953666666666631e-04
7.544347000000001377e-04
7.668629333333333532e-04
7.795245333333334151e-04
7.923049000000000584e-04
8.052072000000000179e-04
8.214773000000001385e-04
8.347526333333333886e-04
8.481908666666667859e-04
8.617213333333333461e-04
8.754295666666667662e-04
8.893909666666667373e-04
9.034348000000001072e-04
9.212245333333332273e-04
9.355358999999999073e-04
9.500418999999999748e-04
9.647896999999999897e-04
9.796804333333335429e-04
9.947067999999999882e-04
1.010103333333333417e-03
1.029329333333333209e-03
1.044991666666666638e-03
1.060799999999999981e-03
1.076854333333333294e-03
1.093059999999999865e-03
1.109453000000000045e-03
1.126089000000000040e-03
1.147150999999999900e-03
1.164119000000000135e-03
1.181334333333333405e-03
1.198537666666666703e-03
1.216124999999999975e-03
1.233831333333333495e-03
1.251741666666666758e-03
1.274595000000000112e-03
1.293028333333333261e-03
1.311662333333333272e-03
1.330359666666666675e-03
1.349416333333333358e-03
1.368661333333333341e-03
1.392954000000000067e-03
1.412485666666666749e-03
1.432569333333333231e-03
1.452576333333333502e-03
1.472897666666666454e-03
1.493260666666666693e-03
1.513853333333333275e-03
1.539834000000000125e-03
1.560953333333333498e-03
1.582309333333333434e-03
1.603915666666666561e-03
1.625580333333333542e-03
1.647476666666666464e-03
1.669451333333333122e-03
1.697505666666666727e-03
1.720002333333333147e-03
1.742751666666666815e-03
1.765871666666666770e-03
1.789032666666666828e-03
1.812259333333333250e-03
1.835775666666666526e-03
1.865253666666666843e-03
1.889270000000000185e-03
1.913452333333333323e-03
1.937811333333333379e-03
