9.976504013333332976e-02
1.005540546666666701e-01
1.013470223333333281e-01
1.021370379999999994e-01
1.031301279999999876e-01
1.039191369999999948e-01
1.047078459999999933e-01
1.055059043333333446e-01
1.062953126666666553e-01
1.070851053333333330e-01
1.078748693333333314e-01
1.088541003333333285e-01
1.096442550000000099e-01
1.104328106666666587e-01
1.112178386666666657e-01
1.120149903333333280e-01
1.128028466666666646e-01
1.135897133333333420e-01
1.145693950000000044e-01
1.153570916666666751e-01
1.161416920000000047e-01
1.169336146666666715e-01
1.177221373333333237e-01
1.185084963333333241e-01
1.192920466666666651e-01
1.202727976666666670e-01
1.210527086666666613e-01
1.218340930000000183e-01
1.226205296666666583e-01
1.234028593333333368e-01
1.241888016666666678e-01
1.251688469999999997e-01
1.259461493333333404e-01
1.267272173333333363e-01
1.275104706666666532e-01
1.282896149999999957e-01
1.290709303333333335e-01
1.298451566666666557e-01
1.308284243333333319e-01
1.316034396666666551e-01
1.323846026666666564e-01
1.331591263333333497e-01
1.339311139999999900e-01
1.347078160000000080e-01
1.354808883333333269e-01
1.364533176666666570e-01
1.372301123333333484e-01
1.379997543333333354e-01
1.387752299999999994e-01
1.395489693333333558e-01
1.403227983333333317e-01
1.410961263333333493e-01
1.420593039999999974e-01
1.428341123333333462e-01
1.436056759999999877e-01
1.443717063333333217e-01
1.451394003333333349e-01
1.459034319999999996e-01
1.466696889999999920e-01
1.476283003333333232e-01
1.483901643333333242e-01
1.491599930000000185e-01
1.499229849999999808e-01
1.506869289999999972e-01
1.514492906666666527e-01
1.522120479999999887e-01
1.531614930000000097e-01
1.539232839999999936e-01
1.546815470000000026e-01
1.554458606666666853e-01
1.562036506666666658e-01
1.569615126666666638e-01
1.577157626666666757e-01
1.586546606666666692e-01
1.594086983333333485e-01
1.601589896666666679e-01
1.609204253333333112e-01
1.616696406666666697e-01
1.624226410000000065e-01
1.633578143333333232e-01
1.641044676666666702e-01
1.648560369999999831e-01
1.655997349999999979e-01
1.663442400000000043e-01
1.670956416666666833e-01
1.678413443333333366e-01
1.687657383333333316e-01
1.695097003333333185e-01
1.702489590000000053e-01
1.709853719999999966e-01
1.717264723333332965e-01
1.724643366666666899e-01
1.732062159999999962e-01
1.741289579999999726e-01
1.748606913333333457e-01
1.755937020000000182e-01
1.763258443333333425e-01
1.770584626666666661e-01
1.777938766666666837e-01
1.785212699999999819e-01
1.794356679999999926e-01
1.801632090000000186e-01
1.808895510000000095e-01
1.816083493333333354e-01
1.823336603333333139e-01
1.830587313333333077e-01
1.837801390000000090e-01
1.846871983333333578e-01
1.854067086666666420e-01
1.861251353333333303e-01
1.868399353333333179e-01
1.875559066666666608e-01
1.882751843333333175e-01
1.889896983333333447e-01
1.898788916666666882e-01
1.905956530000000038e-01
1.913051189999999957e-01
1.920169866666666669e-01
1.927228716666666841e-01
1.934232393333333022e-01
1.941308646666666526e-01
1.950120516666666859e-01
1.957145670000000059e-01
1.964203143333333179e-01
1.971207703333333339e-01
1.978228149999999852e-01
1.985153119999999716e-01
1.993876296666666770e-01
2.000828373333333465e-01
2.007770616666666730e-01
2.014710893333333530e-01
2.021625273333333139e-01
2.028517276666666758e-01
2.035434013333333458e-01
2.043983326666666545e-01
2.050863626666666606e-01
2.057703533333333501e-01
2.064496676666666419e-01
2.071366106666666651e-01
2.078181713333333291e-01
2.084940870000000224e-01
2.093382299999999863e-01
2.100186206666666555e-01
2.106896123333333593e-01
2.113627190000000322e-01
2.120321559999999994e-01
2.127055923333333320e-01
2.133779673333333349e-01
2.142090993333333193e-01
2.148688039999999966e-01
2.155292003333333373e-01
2.161917599999999828e-01
2.168509156666666715e-01
2.175079653333333030e-01
2.181689896666666739e-01
2.189827193333333255e-01
2.196387079999999881e-01
2.202863463333333272e-01
2.209362393333333119e-01
2.215832293333333258e-01
2.222301346666666622e-01
2.228778270000000006e-01
2.236826600000000054e-01
2.243222529999999992e-01
2.249601696666666539e-01
2.255890613333333405e-01
2.262254203333333435e-01
2.268545353333333292e-01
2.274849449999999662e-01
2.282743366666666607e-01
2.289022683333333530e-01
2.295242046666666480e-01
2.301466003333333399e-01
2.307689920000000061e-01
2.313887693333333273e-01
2.321593859999999954e-01
2.327705206666666748e-01
2.333912379999999731e-01
2.340015163333333259e-01
2.346138070000000075e-01
2.352195526666666370e-01
2.358203656666666703e-01
2.365714993333333238e-01
2.371744959999999847e-01
2.377733393333333334e-01
2.383790226666666623e-01
2.389709413333333254e-01
2.395661633333333318e-01
2.401530213333332997e-01
2.408922020000000275e-01
2.414792343333333202e-01
2.420665730000000071e-01
2.426544076666666550e-01
2.432366256666666782e-01
2.438140223333332968e-01
2.443911223333333493e-01
2.451052386666666694e-01
2.456796086666666878e-01
2.462513309999999900e-01
2.468259576666666788e-01
