2.268849333333333504e-08
2.248958333333333330e-08
2.341783333333333368e-08
2.229067666666666484e-08
2.063309333333333240e-08
1.917442333333333500e-08
2.149503666666667109e-08
2.222437000000000315e-08
2.050048333333333238e-08
2.255588666666666832e-08
2.109721666666667091e-08
2.401454999999999913e-08
1.930702666666666512e-08
2.089830333333333256e-08
1.997005666666666547e-08
2.156132999999999962e-08
2.368303333333333066e-08
2.142872333333333620e-08
2.016896333333333392e-08
2.335151666666666549e-08
2.414715333333333588e-08
2.633515333333333204e-08
2.560581666666666670e-08
2.587103000000000015e-08
2.534060333333333324e-08
2.746230999999999758e-08
2.540691333333333484e-08
2.573842666666666672e-08
2.613624000000000031e-08
2.825794666666666465e-08
2.812533666666666463e-08
2.732969333333333097e-08
2.474387333333333131e-08
2.673297000000000224e-08
2.719709333333333414e-08
2.660035999999999891e-08
2.739599666666666599e-08
2.792642333333333290e-08
2.553950666666666509e-08
2.752860333333333271e-08
2.845684666666666321e-08
3.057854333333333428e-08
2.706447666666666753e-08
3.071114666666666772e-08
2.832423333333333320e-08
3.223612000000000345e-08
3.163939000000000152e-08
2.772749999999999798e-08
2.878835333333333180e-08
3.124157333333333463e-08
3.031333000000000083e-08
3.594909000000000205e-08
3.495454000000000325e-08
3.581648000000000203e-08
3.608169666666666547e-08
3.740774999999999958e-08
3.773926333333333145e-08
4.112072666666667139e-08
4.483369999999999336e-08
4.662386666666666940e-08
4.622605333333333250e-08
5.179551999999999528e-08
4.622605666666666910e-08
5.444763333333333007e-08
5.458023333333333352e-08
5.736497333333333812e-08
5.888992666666666747e-08
6.631588666666667106e-08
6.585175000000000599e-08
7.241576333333333097e-08
7.745478999999999367e-08
8.189707666666665786e-08
8.362094666666665886e-08
9.011865666666667529e-08
9.562182666666666302e-08
1.030477333333333339e-07
1.091476333333333368e-07
1.142529666666666711e-07
1.220103999999999872e-07
1.323536666666666791e-07
1.405088999999999857e-07
1.527086666666666520e-07
1.620574000000000281e-07
1.753180000000000086e-07
1.872524999999999756e-07
2.036956999999999967e-07
2.171551999999999989e-07
2.373776000000000013e-07
2.509697333333333134e-07
2.730486999999999693e-07
2.954590333333333649e-07
3.184661000000000064e-07
3.463796999999999792e-07
3.703151333333333228e-07
4.017427333333333096e-07
4.363528999999999977e-07
4.712282999999999925e-07
5.127339666666666511e-07
5.575547000000000686e-07
6.091384000000000860e-07
6.580701666666666870e-07
7.155547999999999138e-07
7.749621333333333594e-07
8.478953666666665861e-07
9.222873000000000347e-07
1.003574999999999959e-06
1.096995999999999932e-06
1.188029333333333399e-06
1.297031666666666727e-06
1.411138999999999941e-06
1.542816666666666569e-06
1.685699333333333540e-06
1.831897666666666588e-06
2.008993000000000181e-06
2.180518666666666464e-06
2.385262000000000067e-06
2.593917666666666790e-06
2.839437666666666516e-06
3.112473333333333290e-06
3.381662333333333094e-06
3.710526000000000174e-06
4.035741666666666930e-06
4.417911999999999995e-06
4.812678666666667450e-06
5.273550666666666787e-06
5.777918333333333399e-06
6.292694333333332449e-06
6.897309666666665889e-06
7.507563999999999767e-06
8.236233333333332579e-06
8.984792666666666821e-06
9.840961000000001137e-06
1.077298000000000032e-05
1.173497333333333290e-05
1.286450999999999925e-05
1.400843333333333298e-05
1.535331999999999889e-05
1.671784000000000052e-05
1.830983333333333554e-05
2.005194000000000304e-05
2.182097333333333255e-05
2.388677333333333232e-05
2.597797333333333358e-05
2.842176000000000010e-05
3.088193000000000199e-05
3.376505000000000294e-05
3.688427333333333790e-05
4.004917666666666325e-05
4.369662000000000584e-05
4.739832666666666047e-05
5.166934666666666214e-05
5.630584666666666425e-05
6.096946666666666620e-05
6.632925333333332309e-05
7.173989666666665585e-05
7.797017333333332344e-05
8.422348000000000291e-05
9.139586666666667020e-05
9.912120000000000230e-05
1.068462333333333405e-04
1.157140000000000105e-04
1.245494333333333305e-04
1.346537666666666614e-04
1.447750999999999888e-04
1.562999333333333241e-04
1.686611666666666502e-04
1.809157333333333197e-04
1.949410666666666694e-04
2.088665666666666499e-04
2.247661666666666560e-04
2.404712333333333359e-04
2.584503000000000147e-04
2.775251999999999971e-04
2.965010666666667203e-04
3.181076333333332962e-04
3.394262999999999794e-04
3.637265666666666952e-04
3.877332666666666902e-04
4.150775666666666852e-04
4.439493666666667160e-04
4.726145333333333330e-04
5.050924666666666354e-04
5.372430999999999995e-04
5.734614666666666173e-04
6.093680333333332698e-04
6.500582666666666291e-04
6.930457000000000110e-04
7.354970333333333762e-04
7.832808666666667315e-04
8.304899333333332643e-04
8.837379333333332532e-04
9.361978333333333775e-04
9.951305999999998739e-04
1.057422666666666669e-03
1.118347333333333379e-03
1.187080666666666612e-03
1.254452999999999992e-03
1.329858333333333543e-03
1.403930000000000065e-03
1.486751333333333506e-03
