1.000336643333333275e-01
1.030306826666666647e-01
1.058369003333333308e-01
1.088283769999999900e-01
1.116281619999999891e-01
1.146350740000000035e-01
1.174389366666666601e-01
1.204399143333333422e-01
1.234337693333333319e-01
1.262397673333333359e-01
1.292401473333333328e-01
1.320417680000000038e-01
1.350373246666666527e-01
1.378422866666666746e-01
1.408452913333333167e-01
1.438473469999999865e-01
1.466473616666666702e-01
1.496440060000000238e-01
1.524522686666666682e-01
1.554479306666667060e-01
1.582541863333333243e-01
1.612493066666666475e-01
1.642550413333333514e-01
1.670534753333333400e-01
1.700554789999999816e-01
1.728494619999999815e-01
1.758552876666666653e-01
1.786519666666666895e-01
1.816524506666666594e-01
1.846577499999999816e-01
1.874529326666666551e-01
1.904547300000000165e-01
1.932545420000000291e-01
1.962651253333333179e-01
1.990546216666666535e-01
2.020646006666666772e-01
2.050646666666666729e-01
2.078700460000000028e-01
2.108700103333333298e-01
2.136664303333333237e-01
2.166695796666666674e-01
2.194710980000000033e-01
2.224760340000000169e-01
2.254683193333333335e-01
2.282751136666666680e-01
2.312775653333333237e-01
2.340802223333333376e-01
2.370719536666666682e-01
2.398741676666666933e-01
2.428744506666666858e-01
2.458765489999999998e-01
2.486835086666666639e-01
2.516769366666666841e-01
2.544848303333333561e-01
2.574793793333333136e-01
2.604920823333333746e-01
2.632867856666666895e-01
2.662858976666666599e-01
2.690840346666666938e-01
2.720916906666666635e-01
2.748917419999999945e-01
2.778810660000000099e-01
2.808858070000000429e-01
2.836872856666667331e-01
2.866898486666666912e-01
2.894843819999999845e-01
2.924907366666666397e-01
2.952931443333333128e-01
2.982973589999999842e-01
3.012930883333332921e-01
3.041004426666666927e-01
3.070958503333333645e-01
3.098922996666667040e-01
3.129024116666666577e-01
3.156974040000000148e-01
3.186975906666666414e-01
3.217006913333333440e-01
3.245044109999999926e-01
3.274979670000000009e-01
3.303034016666666628e-01
3.333053759999999865e-01
3.361058746666666930e-01
3.391019286666666077e-01
3.421020093333333456e-01
3.449028833333333544e-01
3.479080270000000641e-01
3.507113716666666048e-01
3.537050760000000071e-01
3.565077326666666324e-01
3.595097776666666967e-01
3.625161626666666415e-01
3.653097783333333903e-01
3.683147019999999938e-01
3.711097340000000244e-01
3.741074833333333238e-01
3.769137120000000674e-01
3.799092303333333476e-01
3.829113746666666374e-01
3.857092096666667191e-01
3.887168786666666542e-01
3.915087083333333440e-01
3.945124099999999800e-01
3.973150209999999904e-01
4.003208639999999985e-01
4.033149330000000421e-01
4.061151923333333191e-01
4.091180676666666405e-01
4.119198169999999659e-01
4.149270303333332799e-01
4.177226373333333687e-01
4.207203720000000646e-01
4.237223699999999593e-01
4.265321076666666600e-01
4.295224196666667105e-01
4.323259190000000030e-01
4.353249076666665940e-01
4.381199393333333192e-01
4.411238823333332726e-01
4.441172216666666728e-01
4.469186363333333412e-01
4.499174246666666765e-01
4.527237553333333664e-01
4.557157826666666800e-01
4.585197610000000257e-01
4.615135793333333125e-01
4.645159753333333863e-01
4.673031893333333131e-01
4.703031663333333001e-01
4.730982589999999655e-01
4.760946426666666231e-01
4.788946403333333435e-01
4.818821429999999850e-01
4.848775839999999726e-01
4.876726510000000125e-01
4.906690586666666576e-01
4.934527169999999852e-01
4.964491080000000278e-01
4.992435323333332953e-01
5.022355423333333402e-01
5.052264819999999768e-01
5.080088980000000420e-01
5.110002036666666525e-01
5.137848703333333100e-01
5.167750626666666180e-01
5.195511363333333854e-01
5.225366989999999934e-01
5.255138906666666498e-01
5.282942933333333313e-01
5.312625656666667417e-01
5.340414183333334064e-01
5.370139816666666954e-01
5.399810286666666403e-01
5.427552743333333707e-01
5.457124923333332989e-01
5.484780406666667218e-01
5.514369593333333652e-01
5.541993679999999145e-01
5.571411626666666894e-01
5.600904426666666325e-01
5.628391006666667584e-01
5.657815170000000116e-01
5.685219036666667725e-01
5.714449899999999305e-01
5.741809106666666551e-01
5.770970770000000138e-01
5.800194226666667285e-01
5.827294183333333599e-01
5.856345486666666433e-01
5.883373646666666401e-01
5.912306446666666382e-01
5.939150020000000252e-01
5.967975423333333751e-01
5.996579389999999732e-01
6.023320526666666730e-01
6.051880010000000309e-01
6.078362683333332628e-01
6.106749310000000319e-01
6.133055286666665440e-01
6.161250719999999959e-01
6.189186020000000399e-01
6.215225176666666629e-01
6.243013083333334157e-01
6.268837269999999462e-01
6.296228269999999405e-01
6.321747523333333119e-01
6.348992273333333713e-01
6.375980993333333346e-01
6.401112330000000572e-01
6.427726710000000176e-01
6.452480523333333773e-01
6.478792006666667103e-01
6.503198940000000094e-01
6.529058026666666459e-01
6.554774493333334062e-01
6.578495616666666379e-01
6.603722770000000075e-01
6.627105730000000250e-01
6.651762686666665703e-01
6.674678406666667563e-01
6.698877296666667647e-01
