4.555118666666666645e-08
4.144044666666666705e-08
4.031332000000000116e-08
4.508707333333333112e-08
4.362842333333333017e-08
4.521967666666667117e-08
4.163936333333333869e-08
3.991550333333332765e-08
4.415883333333332731e-08
4.276649000000000459e-08
4.681092666666666235e-08
4.362842666666666677e-08
4.462294000000000266e-08
4.773914666666665979e-08
4.873368000000000205e-08
4.820325999999999511e-08
4.667831333333333234e-08
4.787173999999999665e-08
5.151835666666666415e-08
5.284439666666667170e-08
5.171726333333333260e-08
5.244658666666665816e-08
5.277809333333333669e-08
5.814856333333333541e-08
6.212668000000000161e-08
6.391684666666666442e-08
6.928731333333333978e-08
7.021553666666667382e-08
7.770767000000000407e-08
8.168579000000001349e-08
8.712255333333333742e-08
9.494619333333334620e-08
1.044273666666666682e-07
1.156324333333333209e-07
1.295558333333333541e-07
1.442749000000000209e-07
1.609830333333333193e-07
1.821333666666666627e-07
2.032836999999999795e-07
2.306001333333333452e-07
2.636185666666666650e-07
2.963717666666667044e-07
3.399321666666666741e-07
3.887304666666666088e-07
4.504577000000000460e-07
5.199422000000000750e-07
6.042121000000000295e-07
7.014772999999998991e-07
8.120026000000000266e-07
9.469935666666666548e-07
1.106648333333333314e-06
1.296802666666666759e-06
1.514340000000000099e-06
1.777956666666666701e-06
2.091034999999999877e-06
2.461398666666666899e-06
2.900980666666666395e-06
3.395659999999999689e-06
4.009219333333333107e-06
4.728994000000001059e-06
5.589660333333332905e-06
6.562045999999999175e-06
7.742554666666666467e-06
9.175804000000000417e-06
1.082407333333333286e-05
1.278150666666666721e-05
1.500567333333333362e-05
1.770396666666666514e-05
2.087990333333333446e-05
2.458379999999999661e-05
2.874735999999999915e-05
3.376290666666666423e-05
3.959535999999999422e-05
4.634696999999999987e-05
5.415019000000000814e-05
6.279763333333332996e-05
7.304559000000000345e-05
8.477361333333333635e-05
9.811976666666666184e-05
1.127387666666666654e-04
1.298526666666666846e-04
1.492095000000000086e-04
1.710472666666666578e-04
1.955652333333333427e-04
2.220786666666666517e-04
2.527296333333333539e-04
2.870724000000000062e-04
3.253708000000000121e-04
3.665485666666666760e-04
4.139599000000000208e-04
4.666155666666666380e-04
5.252040333333334162e-04
5.900089333333333012e-04
6.590232666666666220e-04
7.378578666666666752e-04
8.249022000000001470e-04
9.204353999999999661e-04
1.021528666666666812e-03
1.136001999999999889e-03
1.260788666666666632e-03
