1.000297323333333294e-01
1.056346246666666766e-01
1.112266449999999990e-01
1.166335086666666632e-01
1.222331470000000003e-01
1.278334383333333546e-01
1.334381540000000033e-01
1.388390899999999983e-01
1.444477786666666652e-01
1.500384176666666736e-01
1.556445936666666641e-01
1.612424159999999995e-01
1.666469976666666575e-01
1.722489449999999866e-01
1.778483743333333367e-01
1.834543843333333035e-01
1.888493443333333355e-01
1.944516113333333296e-01
2.000539266666666594e-01
2.056631986666666856e-01
2.112561586666666658e-01
2.166586283333332974e-01
2.222727573333333206e-01
2.278692329999999766e-01
2.334707783333333231e-01
2.388687266666666698e-01
2.444712283333333458e-01
2.500723549999999684e-01
2.556768730000000267e-01
2.612841659999999844e-01
2.666778599999999888e-01
2.722858073333333517e-01
2.778762276666666420e-01
2.834830366666666879e-01
2.888823670000000288e-01
2.944839539999999922e-01
3.000919533333333278e-01
3.056914323333333461e-01
3.112955486666666438e-01
3.166940429999999806e-01
3.222956690000000068e-01
3.278926580000000590e-01
3.334942350000000277e-01
3.388994263333333645e-01
3.444967569999999868e-01
3.501033440000000385e-01
3.557021843333332822e-01
3.612995206666666514e-01
3.666993293333333237e-01
3.722965619999999975e-01
3.778963009999999900e-01
3.834957603333333243e-01
3.889028913333333892e-01
3.944966853333333190e-01
4.001039220000000007e-01
4.056956979999999935e-01
4.113002419999999826e-01
4.166924863333332785e-01
4.222903023333333672e-01
4.278966553333332645e-01
4.334884063333332982e-01
4.388854169999999999e-01
4.444687669999999868e-01
4.500646999999999842e-01
4.556521739999999654e-01
4.612419080000000338e-01
4.666264703333333208e-01
4.722050369999999941e-01
4.777833296666666452e-01
4.833506063333333214e-01
4.887162003333333504e-01
4.942732806666667034e-01
4.998332053333333636e-01
5.053797256666666682e-01
5.109220783333333626e-01
5.162572053333334132e-01
5.217752999999999419e-01
5.272895009999999383e-01
5.327732860000000681e-01
5.380601809999999707e-01
5.435195796666666412e-01
5.489702086666666814e-01
5.544032153333332547e-01
5.598052263333332945e-01
5.650017479999999148e-01
5.703459053333332918e-01
5.756702223333333146e-01
5.809612543333333434e-01
5.860373999999999306e-01
5.912624293333332837e-01
5.964404209999999429e-01
6.015801043333334208e-01
6.066587450000000548e-01
6.115033513333333337e-01
6.164711323333332826e-01
6.213808696666666131e-01
6.262097953333333189e-01
6.308107673333332999e-01
6.354932153333332501e-01
6.400902899999999507e-01
