3.845690333333333602e-08
3.845691000000000260e-08
3.878840999999999468e-08
3.832429999999999596e-08
4.077748666666666255e-08
4.130790666666666949e-08
3.971664666666666852e-08
3.832430666666666917e-08
3.965034333333333350e-08
4.011445666666666882e-08
3.746237666666666695e-08
3.998185333333333539e-08
4.024705666666667227e-08
4.071117666666666095e-08
4.077748000000000920e-08
3.965034333333333350e-08
3.607002333333333443e-08
3.547330333333332907e-08
3.713086000000000510e-08
3.878841333333333129e-08
4.190461666666666505e-08
3.752866999999999878e-08
4.051226000000000254e-08
4.124159000000000792e-08
4.077747333333333600e-08
4.342956666666665780e-08
4.382737666666667134e-08
4.482190000000000380e-08
4.608165000000000289e-08
4.840222666666666284e-08
4.621424666666666974e-08
4.654575666666666501e-08
4.840221999999999625e-08
5.204883666666666375e-08
5.741930666666666247e-08
6.060180333333334130e-08
6.113223000000000821e-08
6.418211999999999715e-08
7.445895999999999244e-08
7.969682333333333437e-08
8.798459333333332176e-08
9.885814999999999905e-08
1.086709000000000020e-07
1.215997666666666532e-07
1.375786000000000220e-07
1.565409999999999986e-07
1.764979333333333440e-07
2.016264333333333430e-07
2.345785666666666908e-07
2.764152666666666673e-07
3.240864999999999950e-07
3.773934666666666444e-07
4.468115999999999959e-07
5.293578000000000896e-07
6.265567999999999529e-07
7.496134666666666250e-07
8.902401999999999939e-07
1.072040333333333458e-06
1.282284666666666443e-06
1.550079333333333600e-06
1.870318666666666665e-06
2.253278999999999725e-06
2.728797999999999975e-06
3.291703333333333605e-06
4.000803999999999990e-06
4.831569666666666927e-06
5.877818666666666200e-06
7.146973333333333795e-06
8.662839333333334301e-06
1.053195999999999902e-05
1.273292666666666708e-05
1.548307333333333348e-05
1.870098333333333263e-05
2.267996666666666629e-05
2.747308000000000158e-05
3.302157000000000036e-05
3.984711666666667013e-05
4.767665000000000032e-05
5.722283333333333041e-05
6.809710000000000231e-05
8.123163000000001223e-05
9.655927333333332474e-05
1.138064333333333421e-04
1.343454333333333431e-04
1.573070333333333301e-04
1.844392333333333411e-04
2.155571666666666701e-04
2.499551000000000355e-04
2.903588000000000024e-04
3.348198666666666896e-04
3.868401999999999626e-04
4.438331000000000112e-04
5.102816000000000036e-04
5.852193666666666424e-04
6.669199333333332294e-04
7.612637666666666539e-04
8.635488666666664989e-04
9.809212999999999353e-04
1.107334333333333557e-03
1.251374666666666509e-03
