4.997918403333333377e-03
1.159850113333333460e-02
1.800585676666666482e-02
2.460080633333333253e-02
3.100622403333333152e-02
3.760335679999999431e-02
4.401513500000000384e-02
5.061020549999999812e-02
5.721735923333332724e-02
6.361546713333332548e-02
7.021263940000001258e-02
7.661476506666665964e-02
8.321436886666666588e-02
8.961869333333333243e-02
9.622054263333333635e-02
1.028267266666666596e-01
1.092270676666666634e-01
1.158315810000000029e-01
1.222299353333333310e-01
1.288357756666666798e-01
1.354336590000000118e-01
1.418412109999999948e-01
1.484390140000000080e-01
1.548423180000000066e-01
1.614430373333333446e-01
1.678445956666666794e-01
1.744454149999999926e-01
1.810482826666666434e-01
1.874440606666666620e-01
1.940539493333333365e-01
2.004560890000000040e-01
2.070575686666666637e-01
2.134570870000000176e-01
2.200657513333333093e-01
2.266641653333333339e-01
2.330673986666666753e-01
2.396636276666666843e-01
2.460704503333333293e-01
2.526731143333333374e-01
2.590808563333333869e-01
2.656829836666667055e-01
2.722846443333333255e-01
2.786834579999999950e-01
2.852851416666666862e-01
2.916824143333333619e-01
2.982920906666666760e-01
3.046883883333333376e-01
3.112947566666666721e-01
3.178942766666666420e-01
3.242984063333333444e-01
3.308984540000000085e-01
3.373024043333333055e-01
3.438962359999999663e-01
3.505042843333333047e-01
3.569009433333333869e-01
3.635055949999999592e-01
3.699017213333333221e-01
3.765024059999999562e-01
3.828974883333333135e-01
3.895019786666666373e-01
3.960960513333333100e-01
4.025063496666667073e-01
4.090974470000000029e-01
4.154989596666666674e-01
4.220921080000000214e-01
4.284929803333333287e-01
4.350802736666666282e-01
4.416712599999999544e-01
4.480642446666666667e-01
4.546474106666666959e-01
4.610349423333333085e-01
4.676140930000000639e-01
4.739854053333332762e-01
4.805532526666667081e-01
4.871167443333333513e-01
4.934692183333333482e-01
5.000182983333333331e-01
5.063563033333333685e-01
5.128791176666666063e-01
5.191892310000000288e-01
5.256820223333332764e-01
5.321533483333332759e-01
5.384158283333333461e-01
5.448415673333333320e-01
5.510601763333332626e-01
5.574306536666666645e-01
5.637747746666667004e-01
5.698920043333334240e-01
5.761581580000000313e-01
5.821817093333332416e-01
5.883551773333333124e-01
5.942817206666667351e-01
6.003340916666667360e-01
6.063145576666666425e-01
6.120411529999999489e-01
6.178559406666667142e-01
6.234092096666666860e-01
6.290325466666666365e-01
6.343804156666666971e-01
6.397800036666666523e-01
