-1.080741166666666707e-08
-1.087371299999999980e-08
-1.107264200000000098e-08
-1.054216500000000068e-08
-8.619212000000000696e-09
-7.094110666666667176e-09
-8.022431000000000708e-09
-9.481219299999999426e-09
-1.034322966666666856e-08
-7.558260199999999149e-09
-6.033157000000001400e-09
-6.563624999999998828e-09
-4.972214166666667171e-09
-6.762548800000000010e-09
-8.751808666666665891e-09
-2.187241999999999797e-09
-3.844957999999999700e-09
9.480000000001363147e-13
1.194509333333332890e-09
-1.979750000000003684e-10
6.726533333333313786e-11
2.520680000000000026e-09
4.708876999999999848e-09
6.167671000000000383e-09
2.852233666666666233e-09
9.350487999999999402e-09
1.346164200000000173e-08
9.416802333333334618e-09
1.213546266666666716e-08
1.160499200000000111e-08
1.538460000000000000e-08
1.870004333333333482e-08
2.208180000000000123e-08
2.360690333333333539e-08
2.665711000000000040e-08
2.698865333333333191e-08
2.957470333333333540e-08
3.700129666666666796e-08
3.361953333333333827e-08
3.938841000000000006e-08
3.759805999999999620e-08
4.694762000000000254e-08
5.026305333333333086e-08
5.570038333333333446e-08
6.127031333333332827e-08
6.697288000000000169e-08
6.783488666666667295e-08
7.386898333333334139e-08
8.341745666666666291e-08
8.726336666666667408e-08
9.402685666666667054e-08
1.007903566666666636e-07
1.085484666666666878e-07
1.181632333333333213e-07
1.293030999999999953e-07
1.366633333333333534e-07
1.456150333333333368e-07
1.590756333333333323e-07
1.733983666666666840e-07
1.831457333333333011e-07
1.939540666666666700e-07
2.096029000000000087e-07
2.257158666666666494e-07
2.446138666666666642e-07
2.611247000000000009e-07
2.785639333333333528e-07
3.003794333333333009e-07
3.248473333333333661e-07
3.442756999999999757e-07
3.705339999999999747e-07
4.020306666666666395e-07
4.268962666666666501e-07
4.616419999999999988e-07
4.938016999999999608e-07
5.272212000000000438e-07
5.670063666666667500e-07
6.078524333333332643e-07
6.583132999999999766e-07
6.997561666666666806e-07
7.527366666666665242e-07
8.094967333333332431e-07
8.694396000000000663e-07
9.338253333333333549e-07
1.006167999999999961e-06
1.076056999999999826e-06
1.158810333333333434e-06
1.245873333333333450e-06
1.343214333333333210e-06
1.439958333333333219e-06
1.544062666666666658e-06
1.662622333333333287e-06
1.787879000000000124e-06
1.924541000000000028e-06
2.070021666666666716e-06
2.227901999999999934e-06
2.388699666666666970e-06
2.569257666666666674e-06
2.767784999999999793e-06
2.981763000000000017e-06
3.214373333333333534e-06
3.441015333333333507e-06
3.703331000000000407e-06
3.990711999999999240e-06
4.299975333333333411e-06
4.633108666666667067e-06
4.961997999999999616e-06
5.340419666666666299e-06
5.759024666666666334e-06
6.208331333333333271e-06
6.685022000000000554e-06
7.198514333333332867e-06
7.713598666666667621e-06
8.318331000000001114e-06
8.969279333333333014e-06
9.654379333333332604e-06
1.038695333333333356e-05
1.112337333333333354e-05
1.198438999999999928e-05
1.289976999999999931e-05
1.388617666666666489e-05
1.495261333333333348e-05
1.608920333333333644e-05
1.721525333333333220e-05
1.852438000000000034e-05
1.992341666666666640e-05
2.141893666666666390e-05
2.302664999999999747e-05
2.461573000000000089e-05
2.645306333333333109e-05
2.841134666666666900e-05
3.051291666666666386e-05
3.274936333333333042e-05
3.495730333333333626e-05
3.750805333333333551e-05
4.020698666666666437e-05
4.310990333333333677e-05
4.619542999999999691e-05
4.948431000000000395e-05
5.270470000000000379e-05
5.639634666666665941e-05
6.033691666666666495e-05
6.451644666666666997e-05
6.895783666666666372e-05
7.329558666666667144e-05
7.825007000000000956e-05
8.353086333333333881e-05
8.909816333333332868e-05
9.501809333333333487e-05
1.007693333333333310e-04
1.073354333333333290e-04
1.142999666666666734e-04
1.216467333333333287e-04
1.294138666666666711e-04
1.375925333333333277e-04
1.455330666666666709e-04
1.546161999999999851e-04
1.641737000000000101e-04
1.742757000000000160e-04
1.848942333333333495e-04
1.951736666666666509e-04
2.069271666666666664e-04
2.192587333333333285e-04
2.322690666666666888e-04
2.459123666666666874e-04
2.602619000000000026e-04
2.742080333333333413e-04
2.900229999999999844e-04
3.066922333333332970e-04
3.241418666666666675e-04
3.424714666666666893e-04
3.602772000000000071e-04
3.804467666666666169e-04
4.016715000000000454e-04
4.239218999999999908e-04
4.472235333333332910e-04
4.698610000000000200e-04
4.955047000000000401e-04
5.224750333333332735e-04
5.507043999999999785e-04
5.802605333333333117e-04
6.113583666666667525e-04
6.413234000000000946e-04
6.754079666666666822e-04
7.110051333333333203e-04
7.482496666666666255e-04
7.874683000000000377e-04
8.251309333333333449e-04
8.679451666666666452e-04
9.126567999999999183e-04
9.593032666666666134e-04
1.008330333333333365e-03
1.055464666666666631e-03
1.108854999999999954e-03
1.164495999999999891e-03
1.222607999999999811e-03
1.283520999999999924e-03
1.346975666666666571e-03
1.408109666666666586e-03
1.476862333333333168e-03
1.548485999999999960e-03
