1.000446093333333258e-01
1.026446189999999925e-01
1.052417566666666721e-01
1.076511353333333282e-01
1.102418006666666672e-01
1.128464109999999937e-01
1.154448883333333287e-01
1.180466309999999991e-01
1.206514459999999955e-01
1.230440296666666655e-01
1.256486363333333411e-01
1.282514963333333535e-01
1.308499176666666763e-01
1.334518176666666667e-01
1.358468786666666428e-01
1.384537443333333229e-01
1.410531310000000260e-01
1.436554509999999896e-01
1.462636926666666393e-01
1.486553510000000189e-01
1.512582163333333340e-01
1.538622170000000233e-01
1.564601836666666690e-01
1.590648736666666618e-01
1.616574076666666693e-01
1.640642120000000148e-01
1.666639393333333163e-01
1.692600366666666412e-01
1.718655679999999963e-01
1.744588366666666446e-01
1.768637126666666726e-01
1.794624753333333711e-01
1.820604720000000010e-01
1.846675103333333678e-01
1.872630913333333258e-01
1.896650186666666571e-01
1.922647506666666783e-01
1.948659659999999738e-01
1.974721630000000061e-01
2.000690933333333366e-01
2.026733609999999963e-01
2.050736543333333550e-01
2.076741213333333225e-01
2.102805666666666407e-01
2.128750863333333243e-01
2.154785389999999967e-01
2.178768653333333638e-01
2.204784303333333362e-01
2.230842143333333361e-01
2.256793773333333475e-01
2.282848266666666903e-01
2.308828043333333302e-01
2.332822886666666706e-01
2.358882960000000251e-01
2.384842066666666704e-01
2.410859333333333632e-01
2.436873023333333277e-01
2.460887966666666371e-01
2.486912143333333269e-01
2.512869440000000121e-01
2.538947279999999584e-01
2.564930156666666572e-01
2.588936669999999940e-01
2.614996466666666408e-01
2.640937446666666855e-01
2.666987493333333181e-01
2.692947876666666462e-01
2.718978493333333302e-01
2.743005246666666008e-01
2.768932616666666680e-01
2.794983333333333486e-01
2.820944830000000070e-01
2.847011503333333193e-01
2.871004793333333249e-01
2.896954383333332772e-01
2.923000883333333744e-01
2.948986173333333349e-01
2.975047806666666350e-01
2.999056496666666627e-01
3.025016106666666982e-01
3.051067173333333327e-01
3.077034253333333358e-01
3.103092503333333418e-01
3.129090050000000178e-01
3.153041129999999970e-01
3.179082480000000044e-01
3.205049126666666415e-01
3.231114703333333726e-01
3.257121023333333087e-01
3.281047720000000445e-01
3.307098883333333128e-01
3.333077626666666737e-01
3.359135643333333587e-01
3.385121213333333601e-01
3.411027650000000300e-01
3.435052570000000638e-01
3.461057243333333644e-01
3.487107249999999437e-01
3.513093196666666196e-01
3.539043790000000467e-01
3.563057673333333564e-01
3.589040216666666283e-01
3.615087316666666939e-01
3.641072286666666713e-01
3.667026743333333116e-01
3.691038440000000143e-01
3.716982006666666449e-01
3.743031156666666859e-01
3.769012803333333661e-01
3.794885720000000240e-01
3.820905673333332975e-01
3.844892786666666562e-01
3.870935036666666718e-01
3.896892569999999556e-01
3.922799949999999924e-01
3.948779123333333030e-01
3.972784976666666190e-01
3.998773746666666185e-01
4.024806776666666752e-01
4.050684579999999646e-01
4.076679623333333002e-01
4.102647326666666872e-01
4.126587523333333785e-01
4.152584323333333161e-01
4.178495206666666406e-01
4.204453983333333311e-01
4.230377120000000102e-01
4.254330546666666990e-01
4.280289086666666520e-01
4.306136856666666901e-01
4.332070323333332973e-01
4.357969743333333645e-01
4.381882253333333477e-01
4.407816023333333000e-01
4.433622899999999922e-01
4.459533136666666842e-01
4.485404213333333279e-01
4.511305489999999918e-01
4.535159683333333525e-01
4.560916273333333049e-01
4.586770003333333068e-01
4.612576783333333097e-01
4.638420349999999304e-01
4.662221920000000353e-01
4.687908863333333787e-01
4.713739040000000102e-01
4.739434323333333587e-01
4.765205509999999589e-01
4.788943849999999780e-01
4.814552126666666876e-01
4.840287466666666205e-01
4.865908940000000515e-01
4.891599256666667173e-01
4.917226183333333611e-01
4.940781493333333274e-01
4.966394266666666613e-01
4.991937223333333118e-01
5.017560960000000403e-01
5.043038573333333829e-01
5.066493636666665745e-01
5.092043406666666439e-01
5.117399140000000735e-01
5.142830396666666637e-01
5.168250446666666775e-01
5.193479789999999596e-01
5.216880139999999777e-01
5.242100536666666200e-01
5.267395866666667592e-01
5.292540199999999917e-01
5.317649716666665860e-01
5.340848436666666421e-01
5.365863536666666267e-01
5.390910463333332681e-01
5.415827236666667099e-01
5.440694236666666628e-01
5.463651106666667090e-01
5.488434229999999969e-01
5.513224223333332841e-01
5.537854163333333357e-01
5.562418756666667186e-01
5.586978916666667239e-01
5.609532926666666031e-01
5.634003856666667254e-01
5.658234493333332837e-01
5.682414793333333547e-01
5.706625503333333516e-01
5.728755166666666954e-01
5.752767109999999962e-01
5.776628013333332534e-01
5.800296176666667192e-01
5.823996173333333415e-01
5.845729386666667082e-01
5.869167480000000436e-01
5.892448803333333318e-01
5.915621893333332659e-01
5.938749209999999445e-01
5.961733653333333161e-01
5.982776886666666405e-01
6.005418336666666912e-01
6.027961800000000148e-01
