1.367184999999999854e-05
1.419816666666666730e-05
1.462808000000000005e-05
1.519702999999999907e-05
1.565160666666666706e-05
1.626432666666666684e-05
1.676000999999999948e-05
1.739904333333333473e-05
1.792940999999999882e-05
1.862387666666666698e-05
1.918500333333333482e-05
1.991368000000000074e-05
2.051366000000000037e-05
2.130181333333333531e-05
2.193746333333333319e-05
2.277454666666666903e-05
2.345549000000000199e-05
2.434156666666666745e-05
2.507230000000000049e-05
2.600804333333333650e-05
2.678147999999999621e-05
2.779208333333333441e-05
2.861059666666666544e-05
2.966787666666666491e-05
3.076388000000000402e-05
3.166368999999999906e-05
3.283122666666666911e-05
3.378811666666666597e-05
3.503342999999999773e-05
3.605099666666666624e-05
3.736673000000000468e-05
3.844673999999999504e-05
3.984489000000000130e-05
4.099393666666666537e-05
4.247575333333333201e-05
4.370170666666666468e-05
4.526798333333333763e-05
4.657053333333333755e-05
4.822527333333333655e-05
4.959728999999999961e-05
5.136142666666667001e-05
5.281560333333333433e-05
5.469405000000000534e-05
5.623077000000000170e-05
5.821662999999999627e-05
6.025639333333333191e-05
6.194064666666667339e-05
6.409664000000000843e-05
6.586853999999999734e-05
6.816158333333332457e-05
7.003351666666666965e-05
7.243079333333333515e-05
7.438748333333333556e-05
7.692876666666665416e-05
7.901940999999999837e-05
8.168413666666665739e-05
8.389622666666667571e-05
8.672434333333332640e-05
8.904409333333332735e-05
9.201384000000000602e-05
9.444884000000000558e-05
9.758311666666666081e-05
1.001602999999999971e-04
1.034777333333333337e-04
1.061813666666666661e-04
1.096456333333333395e-04
1.124879666666666711e-04
1.161244666666666692e-04
1.198661000000000144e-04
1.229385666666666689e-04
1.268934666666666469e-04
1.301211999999999833e-04
1.342351333333333249e-04
1.376135666666666597e-04
1.419265333333333441e-04
1.454623333333333315e-04
1.499764666666666697e-04
1.537024999999999806e-04
1.584372000000000016e-04
1.623164666666666769e-04
1.672543333333333289e-04
1.712707666666666532e-04
1.764385333333333417e-04
1.806468333333333196e-04
1.860866333333333078e-04
1.905009000000000043e-04
1.961277000000000365e-04
2.007126000000000136e-04
2.065996666666666598e-04
2.126301000000000092e-04
2.175163999999999830e-04
2.238502666666666602e-04
2.289618666666666741e-04
2.354682333333333027e-04
2.408063000000000055e-04
2.475693333333333756e-04
2.531012000000000019e-04
2.601718999999999950e-04
2.659617999999999986e-04
2.732932333333333141e-04
2.792816666666666798e-04
2.868831333333332905e-04
2.930688999999999885e-04
3.009963666666666906e-04
3.074417333333333345e-04
3.156260666666666566e-04
3.223037666666666960e-04
3.308140333333333479e-04
3.377168999999999852e-04
3.464432333333332761e-04
3.535762000000000453e-04
3.626726666666666679e-04
3.719011333333333089e-04
3.794592666666667352e-04
3.890418999999999995e-04
3.968178666666666472e-04
4.067088666666666377e-04
4.147568333333333398e-04
4.249813666666667038e-04
4.332576666666666299e-04
4.438550666666667057e-04
4.523811666666667053e-04
4.632864000000000101e-04
4.720381333333332889e-04
4.832305666666666271e-04
4.923081999999999632e-04
5.038633666666665492e-04
5.133199999999999439e-04
5.251608000000000491e-04
5.347780333333332402e-04
5.470232999999999910e-04
5.569637333333333487e-04
5.695109000000000499e-04
5.822318666666666037e-04
5.926584333333333307e-04
6.057617333333333107e-04
6.163747999999999927e-04
6.297945333333333697e-04
6.407036666666667034e-04
6.545017666666667162e-04
6.656761666666666070e-04
6.799829666666667256e-04
6.914418333333333241e-04
7.059604666666666238e-04
7.176964666666666619e-04
7.327301000000000473e-04
7.448389666666666888e-04
7.600870000000000022e-04
7.725728666666667249e-04
7.882996666666667587e-04
8.009996000000000347e-04
8.168968666666666075e-04
8.299518666666665968e-04
8.464472666666666761e-04
8.597781666666665318e-04
8.767026999999999503e-04
8.938008333333333699e-04
9.076220333333333452e-04
9.250639000000000388e-04
9.392687666666667224e-04
9.572181000000000569e-04
9.717306333333333365e-04
9.901496000000000516e-04
1.005008666666666692e-03
1.023833333333333409e-03
1.038978000000000080e-03
1.058076333333333183e-03
1.073648333333333338e-03
1.093391666666666730e-03
1.109416666666666754e-03
1.129573666666666568e-03
1.145904666666666639e-03
1.166490666666666594e-03
1.183291000000000160e-03
1.204421000000000007e-03
1.221546999999999911e-03
1.243384666666666688e-03
1.265389666666666760e-03
1.283170666666666676e-03
1.305668000000000063e-03
1.323799666666666602e-03
1.346858000000000040e-03
1.365556666666666724e-03
1.389382666666666736e-03
1.408465333333333395e-03
1.432623666666666589e-03
1.452153999999999988e-03
1.476848666666666756e-03
1.496896666666666697e-03
1.522062000000000024e-03
1.542594666666666746e-03
1.568550000000000152e-03
1.589357333333333384e-03
1.615634333333333282e-03
1.636740999999999934e-03
1.663617000000000047e-03
1.685311000000000101e-03
1.712743333333333236e-03
1.734850000000000237e-03
1.762788666666666691e-03
