9.988849600000000717e-02
1.008811459999999910e-01
1.016768153333333230e-01
1.026695759999999985e-01
1.034655416666666605e-01
1.044592406666666751e-01
1.052603683333333401e-01
1.062541166666666620e-01
1.070460280000000014e-01
1.080399400000000010e-01
1.088268299999999994e-01
1.098193713333333460e-01
1.106154189999999926e-01
1.116138793333333323e-01
1.124051260000000080e-01
1.133922013333333312e-01
1.141906679999999952e-01
1.151789753333333222e-01
1.159735246666666608e-01
1.169631546666666799e-01
1.177544589999999919e-01
1.187507950000000062e-01
1.195351576666666693e-01
1.205274806666666726e-01
1.215093246666666821e-01
1.223019176666666624e-01
1.232892643333333288e-01
1.240780506666666616e-01
1.250712969999999979e-01
1.258574286666666597e-01
1.268467066666666698e-01
1.276316159999999755e-01
1.286189166666666661e-01
1.294086103333333126e-01
1.303891379999999878e-01
1.311801886666666694e-01
1.321639209999999898e-01
1.329517383333333469e-01
1.339312863333333159e-01
1.347148960000000006e-01
1.356967713333333270e-01
1.364788200000000007e-01
1.374639773333333481e-01
1.382483039999999885e-01
1.392229306666666611e-01
1.402039503333333270e-01
1.409892546666666746e-01
1.419671656666666448e-01
1.427463333333333362e-01
1.437313099999999733e-01
1.445086986666666851e-01
1.454808586666666848e-01
1.462551873333333419e-01
1.472299853333333408e-01
1.480075033333333179e-01
1.489780726666666555e-01
1.497582683333333609e-01
1.507284933333333243e-01
1.515044439999999881e-01
1.524715976666666528e-01
1.532456366666666847e-01
1.542103680000000143e-01
1.549861693333333401e-01
1.559551773333333335e-01
1.567289333333333479e-01
1.576889639999999870e-01
1.584594196666666843e-01
1.594180566666666687e-01
1.603747466666666510e-01
1.611443890000000267e-01
1.621057933333333312e-01
1.628713210000000133e-01
1.638266136666666484e-01
1.645899586666666747e-01
1.655444929999999870e-01
1.663042846666666630e-01
1.672562050000000189e-01
1.680234399999999961e-01
1.689716956666666714e-01
1.697344070000000038e-01
1.706804769999999971e-01
1.714303303333333250e-01
1.723762276666666315e-01
1.731313276666666956e-01
1.740808729999999971e-01
1.748303303333333114e-01
1.757696196666666821e-01
1.765188806666666554e-01
1.774582266666666630e-01
1.783925493333333445e-01
1.791386283333333551e-01
1.800823333333333165e-01
1.808258690000000002e-01
1.817551269999999886e-01
1.824987016666666795e-01
1.834206409999999954e-01
1.841606159999999992e-01
1.850848903333333351e-01
1.858304096666666683e-01
1.867520920000000084e-01
1.874839370000000172e-01
1.884025213333333504e-01
1.891337520000000161e-01
1.900549586666666624e-01
1.907898943333333486e-01
1.917015906666666714e-01
1.924354996666667039e-01
1.933484093333333320e-01
1.940718286666666403e-01
1.949765770000000120e-01
1.956991836666666928e-01
1.966017780000000048e-01
1.975044556666666618e-01
1.982251419999999931e-01
1.991264813333333272e-01
1.998457760000000027e-01
2.007365876666666604e-01
2.014539276666666712e-01
2.023453783333333256e-01
2.030574093333333552e-01
2.039476970000000111e-01
2.046555606666666804e-01
2.055396343333333320e-01
2.062389360000000116e-01
2.071193736666666618e-01
2.078209370000000111e-01
2.086986273333333308e-01
2.094047629999999938e-01
2.102731073333333478e-01
2.109729590000000155e-01
2.118430523333333093e-01
2.125398496666666970e-01
2.134010606666666698e-01
2.142640673333333357e-01
2.149592740000000057e-01
2.158154639999999846e-01
2.165038583333333266e-01
2.173547789999999980e-01
2.180397363333333727e-01
2.188882049999999746e-01
2.195682190000000089e-01
2.204240030000000072e-01
2.210994139999999941e-01
2.219387916666666627e-01
2.226131113333333633e-01
2.234566300000000172e-01
2.241244486666666702e-01
2.249594746666666589e-01
2.256323620000000307e-01
2.264621610000000229e-01
2.271294113333333364e-01
2.279450899999999891e-01
2.286059053333333591e-01
2.294310803333333426e-01
2.300874833333333147e-01
2.309060346666666763e-01
2.317224816666666742e-01
2.323763293333333257e-01
2.331849726666666844e-01
2.338343113333333223e-01
2.346450910000000001e-01
2.352896516666666826e-01
2.360938339999999747e-01
2.367344813333333298e-01
2.375358546666666848e-01
2.381666909999999859e-01
2.389573993333333479e-01
2.395860203333333160e-01
2.403776130000000177e-01
2.410089306666666487e-01
2.417896443333333034e-01
2.424130613333333739e-01
2.431876743333333535e-01
2.438099186666666807e-01
2.445782063333333534e-01
2.451906833333333535e-01
2.459619099999999781e-01
2.467226913333333549e-01
2.473289263333333377e-01
2.480830836666666761e-01
2.486813906666666407e-01
2.494302409999999970e-01
2.500278106666666833e-01
2.507762936666667053e-01
2.513672250000000274e-01
2.521034546666666709e-01
2.526868210000000059e-01
2.534177879999999772e-01
2.539986999999999662e-01
2.547204686666666995e-01
2.553008773333333425e-01
2.560220679999999915e-01
2.565917470000000367e-01
2.573000493333333361e-01
2.578600393333333463e-01
2.585679470000000202e-01
2.591286233333333633e-01
2.598297933333333365e-01
2.603859796666667115e-01
2.610766966666666633e-01
