1.637875666666666692e-08
1.777117000000000203e-08
1.041126266666666685e-08
1.352761333333333348e-08
1.465480633333333290e-08
1.438958666666666520e-08
1.372653066666666649e-08
1.432327666666666690e-08
1.770485999999999711e-08
1.452219666666666522e-08
1.578199999999999865e-08
1.677658333333333369e-08
2.168318666666666408e-08
2.082121333333333237e-08
2.022446333333333399e-08
1.803638333333333217e-08
2.068860333333333235e-08
2.254515333333333583e-08
2.135165333333333245e-08
2.208101666666666414e-08
2.201470666666666254e-08
2.705391999999999957e-08
2.705391999999999957e-08
2.758436333333333294e-08
2.758435999999999965e-08
2.970613333333333646e-08
3.050179666666666327e-08
3.600514666666666205e-08
3.852475666666666882e-08
3.806061666666666715e-08
4.276829999999999923e-08
5.065864666666666816e-08
5.775333000000000037e-08
6.716868666666667456e-08
7.366662000000000508e-08
8.241892333333334257e-08
9.574631666666666204e-08
1.143781333333333385e-07
1.318827333333333271e-07
1.524373999999999989e-07
1.858553333333333349e-07
2.160906333333333171e-07
2.576641333333333552e-07
3.104431666666666672e-07
3.707811333333333218e-07
4.346331333333333565e-07
5.153931000000000333e-07
6.029825333333333459e-07
7.037665666666666964e-07
8.215914000000000363e-07
9.468420666666666021e-07
1.093310666666666726e-06
1.263118333333333232e-06
1.452287666666666380e-06
1.672024000000000070e-06
1.907805666666666794e-06
2.201140666666666925e-06
2.549906666666666781e-06
2.982151333333333693e-06
3.514583999999999756e-06
4.146672666666665953e-06
4.943331333333333524e-06
5.927833666666666771e-06
7.125373000000000736e-06
8.625398666666666243e-06
1.043076333333333205e-05
1.258495666666666653e-05
1.530221666666666395e-05
1.862179333333333246e-05
2.265919000000000082e-05
2.755411333333333303e-05
3.329211666666666937e-05
4.035820333333334074e-05
4.873561999999999605e-05
5.848522333333332630e-05
6.963864333333332835e-05
8.173657333333332858e-05
9.558536333333333664e-05
1.108861999999999955e-04
1.277932000000000015e-04
1.463601333333333350e-04
1.659937999999999963e-04
1.882998666666666626e-04
2.127278333333333400e-04
2.394430333333333447e-04
2.686940333333333124e-04
2.994617333333333465e-04
3.351969999999999689e-04
3.765424000000000288e-04
4.245391333333333427e-04
4.802217999999999700e-04
5.443937000000000255e-04
6.158595666666666748e-04
7.004889999999999945e-04
7.976864999999999867e-04
9.090039000000001146e-04
1.036256666666666689e-03
1.176952999999999897e-03
1.342091999999999808e-03
1.529882666666666736e-03
