-9.191280166666667061e-07
6.196184589999999791e-03
1.240161353333333293e-02
1.841432466666666559e-02
2.461048323333333079e-02
3.081520880000000392e-02
3.701097103333333971e-02
4.322343020000000285e-02
4.922213406666666596e-02
5.542828073333333494e-02
6.162540100000000326e-02
6.783071369999998934e-02
7.403100786666666489e-02
8.023125796666667753e-02
8.622564399999999019e-02
9.243028539999999238e-02
9.863171360000000387e-02
1.048381376666666642e-01
1.110353620000000124e-01
1.170401886666666558e-01
1.232425376666666655e-01
1.294454729999999776e-01
1.356411240000000296e-01
1.418465443333333242e-01
1.478468940000000065e-01
1.540529919999999997e-01
1.602504959999999923e-01
1.664525396666666490e-01
1.726519709999999874e-01
1.786540490000000092e-01
1.848607403333333288e-01
1.910596589999999928e-01
1.972696449999999935e-01
2.034700953333333506e-01
2.094679116666666729e-01
2.156704160000000037e-01
2.218805010000000077e-01
2.280785906666666640e-01
2.342788310000000207e-01
2.404806909999999964e-01
2.464841333333333273e-01
2.526834743333333244e-01
2.588869876666666792e-01
2.650834603333333539e-01
2.712839780000000367e-01
2.772847230000000107e-01
2.834914506666666445e-01
2.896872736666666892e-01
2.958901393333333574e-01
3.020963813333333303e-01
3.080948299999999862e-01
3.142963020000000274e-01
3.205013769999999762e-01
3.266983039999999949e-01
3.329000326666666787e-01
3.389059966666667090e-01
3.451003319999999541e-01
3.513076163333333501e-01
3.575037169999999986e-01
3.637076623333333480e-01
3.697057559999999410e-01
3.759046143333333312e-01
3.821013936666666777e-01
3.882986930000000281e-01
3.944914003333332975e-01
4.006940183333333461e-01
4.066903689999999405e-01
4.128859686666666584e-01
4.190704710000000000e-01
4.252598906666666956e-01
4.314453253333334071e-01
4.374285723333333209e-01
4.436058970000000268e-01
4.497850056666667373e-01
4.559530376666666718e-01
4.621217730000000135e-01
4.680800623333333799e-01
4.742367980000000149e-01
4.803873110000000390e-01
4.865377969999999941e-01
4.926759660000000207e-01
4.986166143333333189e-01
5.047498746666666536e-01
5.108728543333332928e-01
5.169926823333333976e-01
5.230967053333334116e-01
5.289988386666667486e-01
5.350802353333333761e-01
5.411462833333332556e-01
5.471831066666666965e-01
5.532049496666666677e-01
5.591903103333333291e-01
5.649622233333333465e-01
5.708768753333334223e-01
5.767569160000000084e-01
5.825866409999999052e-01
5.883629326666666159e-01
5.938953443333332416e-01
5.995531616666666119e-01
6.051355430000000535e-01
