-1.656552000000000051e-09
-9.271723333333331960e-10
-3.115306000000000037e-09
3.316483000000000241e-09
-1.059785666666666510e-09
1.194657133333333682e-09
1.526189066666666521e-09
-1.722855333333333415e-09
1.128350999999999840e-09
-1.523933666666666797e-09
9.957389999999998016e-10
-1.258704233333333793e-09
9.957390000000000084e-10
7.305060000000000621e-10
7.968150000000001068e-10
4.178475899999999757e-09
9.957368463333334879e-10
2.984949666666666956e-09
3.316483466666666505e-09
5.106775999999999571e-09
4.841546966666666901e-09
6.830768800000000008e-09
7.095990999999999924e-09
9.681975999999999240e-09
7.029681666666667129e-09
9.483044666666666735e-09
6.631839000000000222e-09
1.027873633333333480e-08
6.830762000000000322e-09
1.167118933333333377e-08
1.167118433333333549e-08
1.299732933333333350e-08
1.074288466666666639e-08
1.452239666666666776e-08
1.372670666666666634e-08
1.717468600000000241e-08
1.637899333333333403e-08
1.982697333333333312e-08
2.433586666666666861e-08
2.121942666666667105e-08
2.407063333333333540e-08
2.466739666666666695e-08
2.937521333333333075e-08
2.924259999999999743e-08
3.176226666666666688e-08
3.076765666666666880e-08
3.534285666666666598e-08
4.203988999999999595e-08
4.177465666666666935e-08
4.502369666666666044e-08
5.046089333333333232e-08
4.926736333333333262e-08
5.377624999999999822e-08
6.093743000000000967e-08
6.166678999999999814e-08
6.544628999999999569e-08
7.174548333333332902e-08
7.459668000000000673e-08
8.242092333333333161e-08
9.143869333333333944e-08
9.727371666666666816e-08
1.052969000000000010e-07
1.151103000000000060e-07
1.214758333333333505e-07
1.287696333333333255e-07
1.367927333333333360e-07
1.495236999999999799e-07
1.594698000000000268e-07
1.708082999999999798e-07
1.796934333333333278e-07
1.946788333333333212e-07
2.064151999999999967e-07
2.217984333333333465e-07
2.374469333333333162e-07
2.541563333333333851e-07
2.797509000000000357e-07
3.015658666666666569e-07
3.212590333333332915e-07
3.471851333333333003e-07
3.743046666666666995e-07
3.997002999999999888e-07
4.331190000000000285e-07
4.659410666666667086e-07
5.024761666666667034e-07
5.424593333333333694e-07
5.812488999999999738e-07
6.289237000000000242e-07
6.807757666666665776e-07
7.287819000000000019e-07
7.817613333333332977e-07
8.397136999999999153e-07
9.054902333333333939e-07
9.797542333333333235e-07
1.055940999999999992e-06
1.143466000000000056e-06
1.231786999999999858e-06
1.327865999999999934e-06
1.438797333333333147e-06
1.554039000000000089e-06
1.673391666666666585e-06
1.815620333333333079e-06
1.951946999999999711e-06
2.111548000000000082e-06
2.291571666666666738e-06
2.471992666666666683e-06
2.668924333333333346e-06
2.893837666666666792e-06
3.120342666666667006e-06
3.370386000000000412e-06
3.652123333333333282e-06
3.942547666666666446e-06
4.252532666666666664e-06
4.585127666666667162e-06
4.982107666666666366e-06
5.375706333333332920e-06
5.797285333333332463e-06
6.297041000000000515e-06
6.794342666666667320e-06
7.327185666666665972e-06
7.964395666666667110e-06
8.607108999999998910e-06
9.291858000000000035e-06
1.007991666666666654e-05
1.088030666666666752e-05
1.173977666666666626e-05
1.274047999999999800e-05
1.375212333333333272e-05
1.483419000000000035e-05
1.608904666666666672e-05
1.734490000000000058e-05
1.869895000000000162e-05
2.014901333333333510e-05
2.183864999999999800e-05
2.350978333333333308e-05
2.531133666666666410e-05
2.740358666666666766e-05
2.948283333333333173e-05
3.171081000000000209e-05
3.428053666666666964e-05
3.685257666666666746e-05
3.959210666666667272e-05
4.276424000000000241e-05
4.591905333333333341e-05
4.927927999999999958e-05
5.316817333333333288e-05
5.701483666666666642e-05
6.111630666666667240e-05
6.584172999999999209e-05
7.049693666666667071e-05
7.546948333333333638e-05
8.073701666666667314e-05
8.677267333333331921e-05
9.273651333333334781e-05
9.903259666666667323e-05
1.062503666666666683e-04
1.133541333333333329e-04
1.208846000000000047e-04
1.294244000000000004e-04
1.378567666666666780e-04
1.467618333333333281e-04
1.568880666666666731e-04
1.668628666666666441e-04
1.773420333333333102e-04
1.893259999999999962e-04
2.010482999999999975e-04
2.134262999999999796e-04
2.275098000000000083e-04
2.412753999999999973e-04
2.558246333333332964e-04
2.723273333333333171e-04
2.884793999999999878e-04
3.055026666666666715e-04
3.233293000000000148e-04
3.436517333333333961e-04
3.634741666666666568e-04
3.842920333333333261e-04
4.079502666666666899e-04
4.309215333333332970e-04
4.551795666666667156e-04
4.825527000000000462e-04
5.093876333333332944e-04
5.374546000000000228e-04
5.691222333333333713e-04
6.001567999999999660e-04
6.326892999999999666e-04
6.694732000000000330e-04
7.051069333333333028e-04
7.425735333333333956e-04
7.849749666666666582e-04
8.262367666666666161e-04
8.694965999999998635e-04
9.144430000000000267e-04
9.654437333333332595e-04
1.014762333333333157e-03
1.066504333333333394e-03
1.124823666666666805e-03
1.180843333333333372e-03
1.239597000000000051e-03
1.305477666666666732e-03
1.369392666666666841e-03
