1.000373906666666562e-01
1.026374093333333321e-01
1.054427013333333329e-01
1.080394536666666738e-01
1.106390646666666616e-01
1.134415013333333472e-01
1.160400153333333434e-01
1.186485426666666759e-01
1.214394293333333347e-01
1.240417373333333323e-01
1.266475763333333171e-01
1.292427346666666643e-01
1.320522690000000277e-01
1.346431253333333355e-01
1.372393946666666531e-01
1.400487406666666435e-01
1.426468546666666837e-01
1.452557823333333331e-01
1.480491613333333456e-01
1.506546270000000132e-01
1.532531773333333236e-01
1.560553580000000051e-01
1.586571186666666800e-01
1.612552193333333383e-01
1.640573603333333186e-01
1.666552116666666639e-01
1.692543606666666589e-01
1.720578563333333422e-01
1.746518343333333390e-01
1.772613063333333405e-01
1.798608696666666729e-01
1.826609080000000107e-01
1.852604350000000011e-01
1.878532389999999774e-01
1.906602493333333370e-01
1.932627563333333409e-01
1.958663463333333299e-01
1.986592406666666533e-01
2.012627676666666476e-01
2.038653126666666593e-01
2.066682749999999846e-01
2.092776360000000169e-01
2.118691116666666652e-01
2.146735073333333188e-01
2.172727306666666636e-01
2.198755319999999847e-01
2.226832380000000056e-01
2.252754026666666520e-01
2.278815403333333267e-01
2.306819420000000009e-01
2.332783810000000069e-01
2.358849859999999909e-01
2.384788019999999620e-01
2.412801243333333456e-01
2.438798739999999965e-01
2.464874456666666658e-01
2.492882276666666674e-01
2.518811313333333413e-01
2.544883869999999826e-01
2.572902443333333622e-01
2.598926326666666786e-01
2.624869473333333314e-01
2.652874223333333004e-01
2.678948823333333618e-01
2.704921903333333266e-01
2.732969163333333618e-01
2.758914186666666657e-01
2.784933863333333703e-01
2.812949846666666365e-01
2.838898033333333015e-01
2.864982993333333172e-01
2.890906263333333226e-01
2.918934790000000112e-01
2.944935759999999791e-01
2.970958993333333020e-01
2.999008619999999903e-01
3.024961946666666623e-01
3.051016249999999874e-01
3.079009389999999846e-01
3.105073546666667350e-01
3.131073689999999687e-01
3.159001156666667032e-01
3.185046939999999771e-01
3.211044050000000372e-01
3.239060213333333493e-01
3.265041189999999816e-01
3.291002460000000407e-01
3.319066469999999991e-01
3.345078256666666472e-01
3.371110559999999645e-01
3.397026743333333432e-01
3.425087216666666823e-01
3.451089553333333559e-01
3.477115296666666855e-01
3.505134093333333034e-01
3.531056169999999828e-01
3.557140936666666753e-01
3.585086569999999528e-01
3.611098343333332683e-01
3.637144296666667276e-01
3.665068666666666530e-01
3.691066243333333552e-01
3.717082376666666632e-01
3.745111210000000024e-01
3.771086560000000421e-01
3.797009389999999596e-01
3.825046776666666815e-01
3.851033933333333770e-01
3.877059229999999523e-01
3.905002029999999902e-01
3.930956039999999874e-01
3.956990270000000365e-01
3.982998250000000517e-01
4.011047759999999962e-01
4.037005893333333595e-01
4.062965450000000089e-01
4.090945979999999760e-01
4.116981536666666774e-01
4.142949853333333654e-01
4.170868603333333091e-01
4.196901410000000165e-01
4.222818846666666626e-01
4.250796109999999683e-01
4.276813976666666295e-01
4.302722729999999829e-01
4.330733879999999481e-01
4.356663513333333682e-01
4.382620340000000225e-01
4.410525770000000012e-01
4.436418529999999749e-01
4.462342306666666758e-01
4.488309759999999926e-01
4.516284016666666790e-01
4.542101456666666759e-01
4.567991579999999829e-01
4.595957439999999727e-01
4.621776910000000016e-01
4.647749493333332982e-01
4.675493610000000522e-01
4.701387236666667024e-01
4.727221933333333737e-01
4.755041250000000552e-01
4.780842839999999705e-01
4.806599549999999721e-01
4.834421200000000307e-01
4.860136273333333090e-01
4.885925703333333092e-01
4.913672616666666659e-01
4.939340586666666755e-01
4.965102403333332970e-01
4.990778270000000294e-01
5.018447183333334394e-01
5.044087473333332960e-01
5.069667939999998874e-01
5.097254226666666499e-01
5.122854669999999944e-01
5.148440180000000144e-01
5.175806833333332913e-01
5.201319583333332552e-01
5.226787663333333223e-01
5.254139820000000016e-01
5.279590673333333095e-01
5.304873366666665868e-01
5.332134729999999934e-01
5.357405186666667207e-01
5.382627416666666553e-01
5.409807183333332770e-01
5.434884363333333246e-01
5.460036556666666430e-01
5.487014519999999784e-01
5.511965353333333484e-01
5.536960653333332649e-01
5.561721346666667065e-01
5.588521439999999396e-01
5.613279700000000094e-01
5.637944996666667263e-01
5.664493973333333265e-01
5.688907559999999419e-01
5.713458700000000334e-01
5.739696936666667249e-01
5.764053513333333711e-01
5.788267619999999392e-01
5.814133946666667496e-01
5.838294860000000641e-01
5.862263376666666526e-01
5.887933506666667149e-01
5.911559283333333026e-01
5.935212666666666026e-01
5.960500463333332499e-01
5.983922793333333878e-01
6.007199843333332900e-01
6.030289103333332790e-01
6.055048816666667166e-01
6.077809833333333023e-01
6.100529256666665789e-01
6.124853056666667017e-01
6.147013316666666283e-01
6.169243869999999630e-01
6.192924866666666972e-01
6.214781053333333638e-01
