1.909636333333333595e-07
2.754991000000000162e-07
3.747538333333333769e-07
4.895893666666666068e-07
6.182157666666666845e-07
7.567877333333332705e-07
9.036475000000000586e-07
1.072320666666666483e-06
1.253259666666666751e-06
1.456343333333333402e-06
1.684556333333333541e-06
1.930537666666666630e-06
2.228898666666667007e-06
2.530641000000000035e-06
2.865798666666666788e-06
3.234440000000000156e-06
3.635236666666666772e-06
4.088812333333333176e-06
4.586742666666666637e-06
5.124254666666667328e-06
5.766659000000000551e-06
6.430675666666667165e-06
7.150122333333331993e-06
7.948668333333334596e-06
8.845936333333332728e-06
9.810767333333333858e-06
1.085940333333333274e-05
1.212604333333333286e-05
1.340714000000000018e-05
1.481970666666666576e-05
1.635811999999999984e-05
1.804783666666666495e-05
1.989912666666666802e-05
2.190901333333333180e-05
2.412178999999999932e-05
2.670565666666666670e-05
2.934256333333333113e-05
3.219767666666666566e-05
3.530433666666666482e-05
3.868967333333333251e-05
4.234590000000000397e-05
4.632669000000000419e-05
5.097892666666666478e-05
5.567366333333333047e-05
6.075924666666666468e-05
6.622612666666665663e-05
7.214725666666666544e-05
7.852256333333334137e-05
8.540169999999999923e-05
9.278053999999999989e-05
1.013141333333333330e-04
1.098638333333333436e-04
1.190244333333333318e-04
1.288091666666666801e-04
1.392340333333333153e-04
1.502931333333333260e-04
1.621117666666666685e-04
1.746282333333333363e-04
1.889830333333333433e-04
2.030145333333333122e-04
2.178779333333333366e-04
2.336021333333333512e-04
2.500935999999999936e-04
2.674954999999999803e-04
2.856942000000000335e-04
3.063751333333333674e-04
3.264820999999999891e-04
3.475213333333333700e-04
3.695959333333333229e-04
3.925269666666666643e-04
4.165304333333333798e-04
4.415230000000000348e-04
4.675835666666667005e-04
4.968109333333332357e-04
5.249569666666665602e-04
5.542712999999999460e-04
5.844518333333333744e-04
6.159046999999999309e-04
6.483801000000000841e-04
6.818039333333332855e-04
7.191934333333332161e-04
7.549185333333333732e-04
7.917970333333333895e-04
8.298310666666666030e-04
8.689245666666666921e-04
9.092345333333333099e-04
9.506987666666666045e-04
9.933716333333333145e-04
1.040780000000000047e-03
1.085939999999999865e-03
1.132573000000000000e-03
1.180508999999999942e-03
1.229885666666666539e-03
1.280478000000000042e-03
1.332291999999999895e-03
1.385807333333333342e-03
1.444669666666666520e-03
1.500898333333333451e-03
1.558159666666666466e-03
1.616807333333333428e-03
