5.005562600000000063e-03
7.599562326666666617e-03
1.020169930000000037e-02
1.280150780000000044e-02
1.560273050000000016e-02
1.820119950000000097e-02
2.079703263333333371e-02
2.339831253333333680e-02
2.599385963333333827e-02
2.859579753333333849e-02
3.119445709999999969e-02
3.378242046666666415e-02
3.657890000000000447e-02
3.917718606666666797e-02
4.177726293333332980e-02
4.436872899999999564e-02
4.688110036666667119e-02
4.956871296666667120e-02
5.215372933333333599e-02
5.473830376666666969e-02
5.753566326666666869e-02
6.010553676666666179e-02
6.271791553333333491e-02
6.528469946666666524e-02
6.789329319999999612e-02
7.046455086666665590e-02
7.304070096666666345e-02
7.583047213333332648e-02
7.840886136666666562e-02
8.099991456666666423e-02
8.355730956666666820e-02
8.612887363333333879e-02
8.871453769999999850e-02
9.128628073333333592e-02
9.384704380000001567e-02
9.660107963333332270e-02
9.916579506666667321e-02
1.017155739999999892e-01
1.042633700000000080e-01
1.068149099999999990e-01
1.093489659999999919e-01
1.118935039999999909e-01
1.146019226666666752e-01
1.171356256666666734e-01
1.196534453333333303e-01
1.221594109999999955e-01
1.246646316666666782e-01
1.271649833333333424e-01
1.296555460000000104e-01
1.321236906666666544e-01
1.347843793333333151e-01
1.372369403333333349e-01
1.396979813333333320e-01
1.421532803333333261e-01
1.445746123333333522e-01
1.469840776666666848e-01
1.493969186666666837e-01
1.517883693333333117e-01
1.543559810000000032e-01
1.567129283333333623e-01
1.590770153333333214e-01
1.614156186666666493e-01
1.637400766666666507e-01
1.660785609999999857e-01
1.683643543333333270e-01
1.708245633333333180e-01
1.730930983333333339e-01
1.753499476666666723e-01
1.775966559999999916e-01
1.798121673333333004e-01
1.820217849999999915e-01
1.842282366666666560e-01
1.863869823333333120e-01
1.887328633333333061e-01
1.908520183333333176e-01
1.929833380000000043e-01
1.950901170000000073e-01
1.971702439999999668e-01
1.992498356666666526e-01
2.012834463333333102e-01
2.034677760000000168e-01
2.055128706666666805e-01
2.074790010000000240e-01
2.094939509999999838e-01
2.114382726666666767e-01
2.133679203333333219e-01
2.153020190000000111e-01
2.171814113333333240e-01
2.192157186666666702e-01
2.210691576666666824e-01
2.228974569999999933e-01
2.247240633333333626e-01
2.265170803333333149e-01
2.282706016666666837e-01
2.300219890000000100e-01
2.317476713333333216e-01
2.335911690000000152e-01
2.352625423333333243e-01
2.369157856666666839e-01
2.385707139999999893e-01
