1.163992333333333353e-04
1.184658333333333266e-04
1.213371666666666541e-04
1.235194666666666755e-04
1.265047333333333421e-04
1.287855666666666554e-04
1.310840333333333340e-04
1.342214666666666689e-04
1.366298000000000111e-04
1.398658333333333318e-04
1.423485000000000212e-04
1.448585666666666759e-04
1.482555333333333304e-04
1.508179666666666649e-04
1.534437333333333361e-04
1.570063666666666547e-04
1.597284666666666671e-04
1.633989333333333183e-04
1.662409999999999962e-04
1.690911000000000183e-04
1.729445333333333239e-04
1.758686000000000190e-04
1.798496000000000068e-04
1.828810333333333261e-04
1.859534666666666676e-04
1.901038333333333072e-04
1.932620666666666606e-04
1.975910333333333530e-04
2.008432666666666686e-04
2.041618666666666947e-04
2.086325333333333522e-04
2.120269000000000147e-04
2.166024333333333113e-04
2.201131000000000051e-04
2.236506666666666563e-04
2.284589333333333222e-04
2.321112333333333279e-04
2.370988999999999942e-04
2.408535666666666809e-04
2.446593000000000379e-04
2.497871666666666456e-04
2.537015999999999902e-04
2.576622333333333684e-04
2.630309000000000163e-04
2.671048666666666510e-04
2.726071333333333208e-04
2.768197333333333285e-04
2.810434666666666533e-04
2.867519666666666547e-04
2.910910666666666484e-04
2.969645999999999723e-04
3.013840333333332993e-04
3.058723666666666487e-04
3.119670000000000169e-04
3.165900666666666562e-04
3.228689999999999880e-04
3.276217666666666746e-04
3.324150333333332941e-04
3.388802333333333487e-04
3.437981666666666100e-04
3.504651666666666870e-04
3.555017333333333317e-04
3.605899333333333350e-04
3.674630000000000019e-04
3.726709000000000033e-04
3.780094000000000336e-04
3.851207333333333746e-04
3.905295000000000359e-04
3.977862000000000303e-04
4.033101000000000199e-04
4.088358000000000270e-04
4.163681999999999822e-04
4.220630666666666812e-04
4.297836333333333023e-04
4.356720000000000124e-04
4.415878999999999399e-04
4.495199666666666385e-04
4.555461000000000124e-04
4.636751666666666144e-04
4.698506999999999770e-04
4.760611333333333688e-04
4.844740999999999631e-04
4.908090333333333093e-04
4.993867333333332865e-04
5.059373333333332980e-04
5.124901333333333007e-04
5.213564666666667359e-04
5.280240999999999104e-04
5.348044666666666247e-04
5.438227333333334147e-04
5.507178333333333752e-04
5.600243666666666507e-04
5.670623000000000070e-04
5.742216333333333448e-04
5.837946333333332615e-04
5.910128333333333544e-04
6.008192000000000090e-04
6.082125333333333449e-04
6.156410666666666497e-04
6.256721000000000027e-04
6.333015000000000215e-04
6.435507999999999507e-04
6.512883333333333502e-04
6.591865333333331994e-04
6.697232999999998835e-04
6.777150999999998838e-04
6.884288666666665358e-04
6.965151666666666687e-04
7.047119666666666442e-04
7.157426333333332660e-04
7.241072666666665972e-04
7.353116666666666352e-04
7.439591666666666705e-04
7.525235666666667744e-04
7.640725666666665786e-04
7.727728333333333489e-04
7.815932333333332552e-04
7.934662000000000095e-04
8.024728666666666385e-04
8.145422000000000903e-04
8.236642666666666064e-04
8.328606000000000334e-04
8.453419333333333585e-04
8.547158333333332520e-04
8.673237999999999781e-04
8.768467333333333216e-04
8.863490333333333068e-04
8.992505000000000463e-04
9.090830999999999088e-04
9.222074333333332751e-04
9.321372000000000511e-04
9.422869000000000600e-04
9.557217999999999269e-04
9.659501999999998848e-04
9.795983999999998467e-04
9.899627000000000687e-04
1.000411333333333470e-03
1.014471333333333237e-03
1.025108000000000052e-03
1.035764666666666748e-03
1.050198000000000017e-03
1.061118999999999908e-03
1.075775333333333326e-03
1.086792666666666586e-03
1.097901333333333243e-03
1.112667666666666659e-03
1.123954666666666458e-03
1.139156333333333484e-03
1.150704666666666756e-03
1.162155000000000002e-03
1.177805666666666617e-03
1.189529333333333308e-03
1.205269000000000132e-03
1.217128333333333421e-03
1.229044666666666633e-03
1.245230000000000165e-03
1.257387333333333376e-03
1.273723666666666575e-03
1.286077666666666586e-03
1.298520999999999747e-03
1.315193666666666624e-03
1.327821666666666829e-03
1.340477000000000292e-03
1.357461333333333285e-03
1.370169999999999765e-03
1.387448000000000110e-03
1.400428666666666752e-03
1.413604666666666912e-03
1.431135666666666579e-03
1.444553000000000113e-03
1.462322666666666590e-03
1.475802333333333391e-03
1.489251666666666779e-03
1.507403000000000041e-03
1.521194333333333176e-03
1.539574333333333309e-03
1.553468333333333498e-03
1.567533333333333452e-03
1.586379333333333549e-03
1.600526666666666651e-03
1.619507333333333222e-03
1.633960000000000056e-03
1.648335666666666437e-03
1.667505333333333490e-03
1.682074999999999890e-03
1.701682333333333309e-03
1.716362333333333297e-03
1.731175666666666694e-03
1.751263000000000082e-03
1.766182999999999946e-03
1.781255000000000034e-03
1.801487666666666586e-03
1.816686999999999989e-03
1.837227666666666620e-03
1.852724666666666570e-03
1.868282666666666722e-03
1.889036666666666503e-03
1.904928333333333335e-03
1.926076999999999997e-03
1.941821333333333200e-03
