9.848309326666666863e-02
9.905272589999998545e-02
9.981308426666667122e-02
1.003876323333333237e-01
1.011486456666666617e-01
1.017187040000000070e-01
1.022887613333333529e-01
1.030473530000000082e-01
1.036213153333333387e-01
1.043788456666666642e-01
1.049456783333333476e-01
1.055159916666666559e-01
1.062665363333333418e-01
1.068269920000000095e-01
1.073939029999999989e-01
1.081421649999999984e-01
1.087081449999999921e-01
1.094603673333333221e-01
1.100290636666666627e-01
1.105909806666666578e-01
1.113418296666666696e-01
1.119009746666666666e-01
1.126484526666666763e-01
1.132121883333333384e-01
1.137658100000000089e-01
1.145112636666666545e-01
1.150701493333333297e-01
1.158186959999999988e-01
1.163768920000000096e-01
1.169349129999999876e-01
1.176719256666666630e-01
1.182307593333333240e-01
1.189615746666666668e-01
1.195170843333333427e-01
1.200678973333333399e-01
1.208063350000000008e-01
1.213536386666666661e-01
1.220976403333333266e-01
1.226467329999999939e-01
1.231953439999999844e-01
1.239277369999999961e-01
1.244763453333333353e-01
1.250223463333333396e-01
1.257518653333333236e-01
1.262977450000000168e-01
1.270273923333333221e-01
1.275733836666666787e-01
1.281182363333333296e-01
1.288468329999999940e-01
1.293845680000000054e-01
1.301088269999999825e-01
1.306435569999999935e-01
1.311814566666666682e-01
1.319005046666666681e-01
1.324401066666666682e-01
1.331630669999999961e-01
1.336989200000000266e-01
1.342374580000000039e-01
1.349496703333333547e-01
1.354813923333333392e-01
1.361971210000000043e-01
1.367273986666666663e-01
1.372626160000000040e-01
1.379742810000000042e-01
1.384999296666666602e-01
1.390371330000000072e-01
1.397411660000000000e-01
1.402722480000000160e-01
1.409753403333333377e-01
1.415001286666666414e-01
1.420232086666666504e-01
1.427253320000000103e-01
1.432462796666666704e-01
1.439449619999999819e-01
1.444735193333333279e-01
1.449928893333333191e-01
1.456877609999999990e-01
1.462091410000000147e-01
1.468978030000000212e-01
1.474193743333333251e-01
1.479365576666666626e-01
1.486254133333333449e-01
1.491397943333333254e-01
1.498254589999999942e-01
1.503428739999999875e-01
1.508583193333333516e-01
1.515413116666666782e-01
1.520479263333333053e-01
1.525614733333333362e-01
1.532334183333333433e-01
1.537433593333333293e-01
1.544208016666666905e-01
1.549258650000000237e-01
1.554366683333333332e-01
1.561095583333333148e-01
1.566096809999999728e-01
1.572835576666666568e-01
1.577867403333333141e-01
1.582844553333333515e-01
1.589490616666666412e-01
1.594478723333333237e-01
1.601118863333333142e-01
1.606089083333333278e-01
1.611097796666666748e-01
1.617678023333333492e-01
1.622627640000000038e-01
1.629215100000000194e-01
1.634088150000000128e-01
1.638972146666666518e-01
1.645513166666666693e-01
1.650428919999999966e-01
1.656920206666666617e-01
1.661835126666666718e-01
1.666680976666666536e-01
1.673159730000000067e-01
1.677961050000000010e-01
1.682777139999999949e-01
1.689269136666666782e-01
1.694036293333333332e-01
1.700437743333333140e-01
1.705216223333333447e-01
1.709995233333333198e-01
1.716380066666666482e-01
1.721127249999999942e-01
1.727442303333333318e-01
1.732141843333333264e-01
1.736828746666666534e-01
1.743117193333333370e-01
1.747815579999999758e-01
1.754034553333333468e-01
1.758734766666666671e-01
1.763452643333333070e-01
1.769647596666666656e-01
1.774273813333333560e-01
1.780455706666666804e-01
1.785062496666666443e-01
1.789691833333333371e-01
1.795846819999999955e-01
1.800422953333333520e-01
1.804981350000000040e-01
1.811103120000000233e-01
1.815663326666666633e-01
1.821722500000000078e-01
1.826264013333333269e-01
1.830795930000000127e-01
1.836754109999999829e-01
1.841260200000000014e-01
1.847248179999999851e-01
1.851725723333333129e-01
1.856167756666666779e-01
1.862121749999999798e-01
1.866603826666666521e-01
1.872497229999999790e-01
1.876911276666666517e-01
1.881289690000000070e-01
1.887187043333333480e-01
1.891578316666666648e-01
1.897376950000000118e-01
1.901770083333333139e-01
1.906104156666666716e-01
1.911911306666666810e-01
1.916224433333333366e-01
1.920536469999999662e-01
1.926289959999999690e-01
1.930526516666666581e-01
1.936246133333333341e-01
1.940510593333333311e-01
1.944790146666666997e-01
1.950434106666666667e-01
1.954713393333333549e-01
1.960275939999999995e-01
1.964517480000000094e-01
1.968704323333333173e-01
1.974297299999999977e-01
1.978482879999999833e-01
1.984023696666666614e-01
1.988180099999999895e-01
1.992341396666666709e-01
1.997885706666666650e-01
2.001988383333333232e-01
2.007474580000000175e-01
2.011606876666666432e-01
2.015647470000000163e-01
2.021033359999999945e-01
2.025093523333333367e-01
2.030493656666666757e-01
2.034494436666666461e-01
2.038530593333333363e-01
2.043924749999999901e-01
2.047909053333333285e-01
2.051880313333333261e-01
2.057187583333333070e-01
2.061139166666666467e-01
2.066413643333333550e-01
2.070382323333333219e-01
2.074308413333333379e-01
2.079523406666666518e-01
2.083490000000000064e-01
2.088680903333333116e-01
2.092566519999999874e-01
